trials_example.thisRepN,trials_example.thisTrialN,trials_example.thisN,trials_example.thisIndex,block.thisRepN,block.thisTrialN,block.thisN,block.thisIndex,trials_study.thisRepN,trials_study.thisTrialN,trials_study.thisN,trials_study.thisIndex,text_welcome.started,text_welcome.stopped,text_intro.started,text_intro.stopped,key_resp_intro.keys,key_resp_intro.started,key_resp_intro.stopped,text_intro2.started,text_intro2.stopped,key_resp_intro2.keys,key_resp_intro2.started,key_resp_intro2.stopped,example trial,personPrimeExample,genderPrimeExample,primeExample,emotionPrimeExample,corrAnsPrimeExample,example mask time,fix300_example.started,fix300_example.stopped,image_primer_example.started,image_primer_example.stopped,scrambled.started,scrambled.stopped,text_response_example.started,text_response_example.stopped,key_resp_example.keys,key_resp_example.corr,key_resp_example.started,key_resp_example.stopped,Jitter_example.started,Jitter_example.stopped,key_resp_example.rt,key_resp_example.rt in ms,text_start.started,text_start.stopped,text_pause.started,text_pause.stopped,key_resp_pause.keys,key_resp_pause.rt,key_resp_pause.rt in ms,key_resp_pause.started,key_resp_pause.stopped,study trial,personPrimeStudy,genderPrimeStudy,primeStudy,emotionPrimeStudy,corrAnsPrimeStudy,study mask time,Block,fix300_study.started,fix300_study.stopped,image_primer_study.started,image_primer_study.stopped,scrambled_study.started,scrambled_study.stopped,text_response_study.started,text_response_study.stopped,key_resp_study.keys,key_resp_study.corr,key_resp_study.started,key_resp_study.stopped,Jitter_study.started,Jitter_study.stopped,key_resp_study.rt,key_resp_study.rt in ms,participant,date,expName,psychopyVersion,frameRate,
,,,,,,,,,,,,119.79816329991445,122.7841568598291,122.78852940001525,128.39631106003654,None,122.78852940001525,128.39631106003654,,,,,,,,,,,,,,,,,,,,,,,,,,,,,,,,,,,,,,,,,,,,,,,,,,,,,,,,,,,,,,EMOCONPILOT014,2021_Jan_13_1630,EmoCon_Pilot_120Hz,2020.2.4,119.98061120907352,
,,,,,,,,,,,,,,,,,,,128.39855189993978,134.13961266002153,None,128.39855189993978,134.13961266002153,,,,,,,,,,,,,,,,,,,,,,,,,,,,,,,,,,,,,,,,,,,,,,,,,,,,,,,,,EMOCONPILOT014,2021_Jan_13_1630,EmoCon_Pilot_120Hz,2020.2.4,119.98061120907352,
0,0,0,0,,,,,,,,,,,,,,,,,,,,,0,3.0,f,1113_y_f_s_a.jpg,sad,a,17,134.14501359988935,134.43416005999316,134.66962679987773,134.82582806001884,134.83396609988995,134.86858936001082,134.86984349996783,136.46847915996332,None,0,134.86984349996783,136.46847915996332,136.47085899999365,137.6177060599206,,,,,,,,,,,,,,,,,,,,,,,,,,,,,,,,,,,,EMOCONPILOT014,2021_Jan_13_1630,EmoCon_Pilot_120Hz,2020.2.4,119.98061120907352,
1,0,1,0,,,,,,,,,,,,,,,,,,,,,1,1.0,m,1111_m_m_s_a.jpg,sad,a,3,137.61953849997371,137.9176195598906,138.11148580000736,138.13832926002797,138.1386239998974,138.17307415998076,138.17286539985798,139.76244346003514,None,0,138.17286539985798,139.76244346003514,139.76344610005617,141.34267365999986,,,,,,,,,,,,,,,,,,,,,,,,,,,,,,,,,,,,EMOCONPILOT014,2021_Jan_13_1630,EmoCon_Pilot_120Hz,2020.2.4,119.98061120907352,
2,0,2,0,,,,,,,,,,,,,,,,,,,,,2,3.0,f,1113_y_f_n_a.jpg,neutral,s,17,141.3438583998941,141.6427518599434,141.83932559983805,141.998357659881,142.00117259984836,142.0419755598763,142.04531239997596,143.4724969598232,s,1,142.04531239997596,143.4724969598232,143.4767175000161,144.84278885994573,1.4197873000521213,1419.7873000521213,,,,,,,,,,,,,,,,,,,,,,,,,,,,,,,,,,EMOCONPILOT014,2021_Jan_13_1630,EmoCon_Pilot_120Hz,2020.2.4,119.98061120907352,
3,0,3,0,,,,,,,,,,,,,,,,,,,,,3,2.0,f,1112_m_f_h_a.jpg,happy,d,3,144.8442029999569,145.14280295998324,145.34133339999244,145.36680586005096,145.36763029987924,145.4021862598369,145.40256999991834,146.58650126003195,s,0,145.40256999991834,146.58650126003195,146.58980589988641,148.07622886004393,1.1745687001384795,1174.5687001384795,,,,,,,,,,,,,,,,,,,,,,,,,,,,,,,,,,EMOCONPILOT014,2021_Jan_13_1630,EmoCon_Pilot_120Hz,2020.2.4,119.98061120907352,
4,0,4,0,,,,,,,,,,,,,,,,,,,,,4,2.0,f,1112_m_f_n_a.jpg,neutral,s,3,148.07746379985474,148.37611096000765,148.58753530005924,148.61457425982226,148.61539619998075,148.6522900599288,148.65267820004374,150.34665995996912,None,0,148.65267820004374,150.34665995996912,150.3493425999768,152.0762529598782,,,,,,,,,,,,,,,,,,,,,,,,,,,,,,,,,,,,EMOCONPILOT014,2021_Jan_13_1630,EmoCon_Pilot_120Hz,2020.2.4,119.98061120907352,
,,,,0,0,0,0,0,0,0,0,,,,,,,,,,,,,,,,,,,,,,,,,,,,,,,,,,,,152.1346650000196,155.12619385982399,155.1277325998526,157.14467765993905,menu,2.0013117999769747,2001.3117999769747,155.1277325998526,157.14467765993905,0,8.0,f,019_m_f_s_a.jpg,sad,a,3,1,157.14673579996452,157.44309526004363,157.7580869998783,157.81477725992445,157.83216489991173,157.9049709599698,157.91088189999573,160.88890155984555,None,0,157.91088189999573,160.88890155984555,160.90217939997092,163.10981276000385,,,EMOCONPILOT014,2021_Jan_13_1630,EmoCon_Pilot_120Hz,2020.2.4,119.98061120907352,
,,,,0,0,0,0,1,0,1,0,,,,,,,,,,,,,,,,,,,,,,,,,,,,,,,,,,,,,,,,,,,,,1,6.0,m,033_o_m_n_a.jpg,neutral,s,17,1,163.1150636000093,163.4098748599412,163.619594699936,163.77637505994645,163.778295799857,163.81517695982475,163.816981599899,164.547209359915,s,1,163.816981599899,164.547209359915,164.5537539999932,165.62649306000677,0.7200556001625955,720.0556001625955,EMOCONPILOT014,2021_Jan_13_1630,EmoCon_Pilot_120Hz,2020.2.4,119.98061120907352,
,,,,0,0,0,0,2,0,2,0,,,,,,,,,,,,,,,,,,,,,,,,,,,,,,,,,,,,,,,,,,,,,2,2.0,m,008_y_m_s_a.jpg,sad,a,17,1,165.6294559999369,165.92645135985222,166.16562890005298,166.32334085993935,166.32857829984277,166.36916245983448,166.37427200004458,166.8324497600319,s,0,166.37427200004458,166.8324497600319,166.83623389992863,168.81825245984365,0.443108799867332,443.108799867332,EMOCONPILOT014,2021_Jan_13_1630,EmoCon_Pilot_120Hz,2020.2.4,119.98061120907352,
,,,,0,0,0,0,3,0,3,0,,,,,,,,,,,,,,,,,,,,,,,,,,,,,,,,,,,,,,,,,,,,,3,11.0,f,030_o_f_h_a.jpg,happy,d,3,1,168.82238609995693,169.11828545990866,169.32497339998372,169.35037275983487,169.3507758998312,169.38787115991582,169.38778449990787,170.9762492598733,None,0,169.38778449990787,170.9762492598733,170.9825462999288,172.6684343600413,,,EMOCONPILOT014,2021_Jan_13_1630,EmoCon_Pilot_120Hz,2020.2.4,119.98061120907352,
,,,,0,0,0,0,4,0,4,0,,,,,,,,,,,,,,,,,,,,,,,,,,,,,,,,,,,,,,,,,,,,,4,11.0,f,030_o_f_s_a.jpg,sad,a,17,1,172.67387639987282,172.96825506000314,173.17809099983424,173.3397388600046,173.3434816999361,173.38435415991117,173.38941379985772,175.0705193599919,None,0,173.38941379985772,175.0705193599919,175.07827469985932,176.8101296599256,,,EMOCONPILOT014,2021_Jan_13_1630,EmoCon_Pilot_120Hz,2020.2.4,119.98061120907352,
,,,,0,0,0,0,5,0,5,0,,,,,,,,,,,,,,,,,,,,,,,,,,,,,,,,,,,,,,,,,,,,,5,11.0,f,030_o_f_s_a.jpg,sad,a,17,1,176.815650699893,177.1101137599675,177.3199240998365,177.47882036000956,177.4833970000036,177.5240572599927,177.52921109995805,179.15348376005423,None,0,177.52921109995805,179.15348376005423,179.15742990002036,180.2601201599231,,,EMOCONPILOT014,2021_Jan_13_1630,EmoCon_Pilot_120Hz,2020.2.4,119.98061120907352,
,,,,0,0,0,0,6,0,6,0,,,,,,,,,,,,,,,,,,,,,,,,,,,,,,,,,,,,,,,,,,,,,6,5.0,m,027_o_m_n_a.jpg,neutral,s,3,1,180.2630433999002,180.5601508598542,180.78073400002904,180.80758575999644,180.80777539988048,180.844667559932,180.84634569985792,182.38343366000336,s,1,180.84634569985792,182.38343366000336,182.39165490004234,183.41035956002307,1.5229565999470651,1522.9565999470651,EMOCONPILOT014,2021_Jan_13_1630,EmoCon_Pilot_120Hz,2020.2.4,119.98061120907352,
,,,,0,0,0,0,7,0,7,0,,,,,,,,,,,,,,,,,,,,,,,,,,,,,,,,,,,,,,,,,,,,,7,8.0,f,019_m_f_n_a.jpg,neutral,s,17,1,183.41554399998859,183.71028595997487,183.96685860003345,184.12656985989307,184.13108700001612,184.17152715984267,184.17678910004906,184.9849981600186,s,1,184.17678910004906,184.9849981600186,184.99225749983452,186.63534415999894,0.7922601001337171,792.2601001337171,EMOCONPILOT014,2021_Jan_13_1630,EmoCon_Pilot_120Hz,2020.2.4,119.98061120907352,
,,,,0,0,0,0,8,0,8,0,,,,,,,,,,,,,,,,,,,,,,,,,,,,,,,,,,,,,,,,,,,,,8,5.0,m,027_o_m_h_a.jpg,happy,d,3,1,186.63986049988307,186.93527545987163,187.15561000001617,187.18134986001533,187.18216299987398,187.21988645985257,187.22123160003684,188.37671375994105,d,1,187.22123160003684,188.37671375994105,188.38411769992672,189.92696795982775,1.1480376000981778,1148.0376000981778,EMOCONPILOT014,2021_Jan_13_1630,EmoCon_Pilot_120Hz,2020.2.4,119.98061120907352,
,,,,0,0,0,0,9,0,9,0,,,,,,,,,,,,,,,,,,,,,,,,,,,,,,,,,,,,,,,,,,,,,9,8.0,f,019_m_f_n_a.jpg,neutral,s,3,1,189.92977950000204,190.2269597600447,190.48756879987195,190.51433345999104,190.51440940005705,190.55086476004217,190.55091019999236,192.1598655599868,None,0,190.55091019999236,192.1598655599868,192.16275470005348,193.26044515983668,,,EMOCONPILOT014,2021_Jan_13_1630,EmoCon_Pilot_120Hz,2020.2.4,119.98061120907352,
,,,,0,0,0,0,10,0,10,0,,,,,,,,,,,,,,,,,,,,,,,,,,,,,,,,,,,,,,,,,,,,,10,11.0,f,030_o_f_h_a.jpg,happy,d,17,1,193.26463159988634,193.5605029598577,193.76972429989837,193.92894735999872,193.93193600000814,193.96920175987762,193.97201359993778,194.87984176001046,d,1,193.97201359993778,194.87984176001046,194.8831042998936,196.71891536002514,0.8930176999419928,893.0176999419928,EMOCONPILOT014,2021_Jan_13_1630,EmoCon_Pilot_120Hz,2020.2.4,119.98061120907352,
,,,,0,0,0,0,11,0,11,0,,,,,,,,,,,,,,,,,,,,,,,,,,,,,,,,,,,,,,,,,,,,,11,3.0,m,013_y_m_s_a.jpg,sad,a,3,1,196.72286049998365,197.01892015987542,197.13271329994313,197.15436516001355,197.15492650005035,197.1950538598234,197.1984476998914,198.7107986600371,None,0,197.1984476998914,198.7107986600371,198.71050599985756,199.90195925997105,,,EMOCONPILOT014,2021_Jan_13_1630,EmoCon_Pilot_120Hz,2020.2.4,119.98061120907352,
,,,,0,0,0,0,12,0,12,0,,,,,,,,,,,,,,,,,,,,,,,,,,,,,,,,,,,,,,,,,,,,,12,12.0,f,040_y_f_n_a.jpg,neutral,s,17,1,199.90196899999864,200.2020635599969,200.44051750004292,200.59271325983573,200.59302569995634,200.62937795997132,200.62930019991472,201.21946676003282,s,1,200.62930019991472,201.21946676003282,201.2225650998298,202.96039205996786,0.5797766998875886,579.7766998875886,EMOCONPILOT014,2021_Jan_13_1630,EmoCon_Pilot_120Hz,2020.2.4,119.98061120907352,
,,,,0,0,0,0,13,0,13,0,,,,,,,,,,,,,,,,,,,,,,,,,,,,,,,,,,,,,,,,,,,,,13,12.0,f,040_y_f_h_a.jpg,happy,d,3,1,202.96109570004046,203.26046045983676,203.27494469983503,203.29771065989044,203.29895500000566,203.3370563599514,203.33691750001162,204.09724636001047,d,1,203.33691750001162,204.09724636001047,204.1000289998483,205.5687219600426,0.7440237998962402,744.0237998962402,EMOCONPILOT014,2021_Jan_13_1630,EmoCon_Pilot_120Hz,2020.2.4,119.98061120907352,
,,,,0,0,0,0,14,0,14,0,,,,,,,,,,,,,,,,,,,,,,,,,,,,,,,,,,,,,,,,,,,,,14,7.0,f,012_o_f_h_a.jpg,happy,d,17,1,205.5689360999968,205.86870435995516,205.88033499987796,206.01217855999712,206.01291649998166,206.05346785995644,206.05328690004535,206.7276769599179,d,1,206.05328690004535,206.7276769599179,206.73102649999782,208.16895705994685,0.6676286000292748,667.6286000292748,EMOCONPILOT014,2021_Jan_13_1630,EmoCon_Pilot_120Hz,2020.2.4,119.98061120907352,
,,,,0,0,0,0,15,0,15,0,,,,,,,,,,,,,,,,,,,,,,,,,,,,,,,,,,,,,,,,,,,,,15,9.0,f,021_o_f_n_a.jpg,neutral,s,17,1,208.16915529989637,208.46886655988638,208.69848160003312,208.85340115984437,208.8535511000082,208.8897166598821,208.88964369986206,209.57763875995298,s,1,208.88964369986206,209.57763875995298,209.580111999996,210.76888525995892,0.6794699998572469,679.4699998572469,EMOCONPILOT014,2021_Jan_13_1630,EmoCon_Pilot_120Hz,2020.2.4,119.98061120907352,
,,,,0,0,0,0,16,0,16,0,,,,,,,,,,,,,,,,,,,,,,,,,,,,,,,,,,,,,,,,,,,,,16,10.0,f,028_y_f_s_a.jpg,sad,a,3,1,210.76907059992664,211.06885115986225,211.0803177000489,211.10234785985668,211.10238679987378,211.13763745988254,211.13766200002283,212.63644135997166,None,0,211.13766200002283,212.63644135997166,212.63638899987563,213.80226295997855,,,EMOCONPILOT014,2021_Jan_13_1630,EmoCon_Pilot_120Hz,2020.2.4,119.98061120907352,
,,,,0,0,0,0,17,0,17,0,,,,,,,,,,,,,,,,,,,,,,,,,,,,,,,,,,,,,,,,,,,,,17,10.0,f,028_y_f_h_a.jpg,happy,d,17,1,213.80222109984607,214.10227626000997,214.11504429997876,214.25040635999758,214.2514469998423,214.28787725998555,214.28744790004566,214.9862966600107,d,1,214.28744790004566,214.9862966600107,214.98916619992815,216.7524548598798,0.6896985000930727,689.6985000930727,EMOCONPILOT014,2021_Jan_13_1630,EmoCon_Pilot_120Hz,2020.2.4,119.98061120907352,
,,,,0,0,0,0,18,0,18,0,,,,,,,,,,,,,,,,,,,,,,,,,,,,,,,,,,,,,,,,,,,,,18,9.0,f,021_o_f_h_a.jpg,happy,d,17,1,216.75224899989553,217.0524627598701,217.2874002000317,217.44554115992506,217.44565039989538,217.48219515986275,217.4817710998468,217.84387395994273,d,1,217.4817710998468,217.84387395994273,217.8477449999191,219.12738366003614,0.35152420005761087,351.52420005761087,EMOCONPILOT014,2021_Jan_13_1630,EmoCon_Pilot_120Hz,2020.2.4,119.98061120907352,
,,,,0,0,0,0,19,0,19,0,,,,,,,,,,,,,,,,,,,,,,,,,,,,,,,,,,,,,,,,,,,,,19,6.0,m,033_o_m_h_a.jpg,happy,d,3,1,219.1277206998784,219.42739236003254,219.4383171000518,219.46117125984748,219.46126879984513,219.49742365998682,219.49734220001847,220.99550546004903,None,0,219.49734220001847,220.99550546004903,220.99610239989124,222.59411746005063,,,EMOCONPILOT014,2021_Jan_13_1630,EmoCon_Pilot_120Hz,2020.2.4,119.98061120907352,
,,,,0,0,0,0,20,0,20,0,,,,,,,,,,,,,,,,,,,,,,,,,,,,,,,,,,,,,,,,,,,,,20,1.0,m,004_o_m_h_a.jpg,happy,d,3,1,222.59405309986323,222.89403995985631,223.0962059998419,223.12258035989944,223.12228029989637,223.15768106000033,223.15771920001134,223.91992965990212,d,1,223.15771920001134,223.91992965990212,223.9227372999303,225.41920875988436,0.7472641000058502,747.2641000058502,EMOCONPILOT014,2021_Jan_13_1630,EmoCon_Pilot_120Hz,2020.2.4,119.98061120907352,
,,,,0,0,0,0,21,0,21,0,,,,,,,,,,,,,,,,,,,,,,,,,,,,,,,,,,,,,,,,,,,,,21,2.0,m,008_y_m_s_a.jpg,sad,a,3,1,225.4190861999523,225.71918695999776,225.9476983998902,225.97392545987387,225.97425039997324,226.00869716003072,226.0086980999913,227.01150905990508,a,1,226.0086980999913,227.01150905990508,227.01444769999944,228.9777299598558,0.9925559998955578,992.5559998955578,EMOCONPILOT014,2021_Jan_13_1630,EmoCon_Pilot_120Hz,2020.2.4,119.98061120907352,
,,,,0,0,0,0,22,0,22,0,,,,,,,,,,,,,,,,,,,,,,,,,,,,,,,,,,,,,,,,,,,,,22,4.0,m,016_y_m_s_a.jpg,sad,a,3,1,228.97748419991694,229.27769055983518,229.28985249996185,229.31276195982937,229.31282399990596,229.34988925999497,229.34916009986773,230.62620225988795,a,1,229.34916009986773,230.62620225988795,230.6292518998962,232.21102396000643,1.2679568000603467,1267.9568000603467,EMOCONPILOT014,2021_Jan_13_1630,EmoCon_Pilot_120Hz,2020.2.4,119.98061120907352,
,,,,0,0,0,0,23,0,23,0,,,,,,,,,,,,,,,,,,,,,,,,,,,,,,,,,,,,,,,,,,,,,23,8.0,f,019_m_f_h_a.jpg,happy,d,3,1,232.2108775000088,232.5111263599014,232.52399339992553,232.54743896003347,232.54862949997187,232.58458345986438,232.58462590002455,233.3114708598936,d,1,232.58462590002455,233.3114708598936,233.31477950001135,234.36943306003232,0.7123972000554204,712.3972000554204,EMOCONPILOT014,2021_Jan_13_1630,EmoCon_Pilot_120Hz,2020.2.4,119.98061120907352,
,,,,0,0,0,0,24,0,24,0,,,,,,,,,,,,,,,,,,,,,,,,,,,,,,,,,,,,,,,,,,,,,24,8.0,f,019_m_f_h_a.jpg,happy,d,3,1,234.3693837998435,234.66933635992464,234.68004909995943,234.7022133599734,234.70248159999028,234.73905206003693,234.7387717999518,235.41192745997105,d,1,234.7387717999518,235.41192745997105,235.41596430004574,236.53637525995728,0.662694999948144,662.694999948144,EMOCONPILOT014,2021_Jan_13_1630,EmoCon_Pilot_120Hz,2020.2.4,119.98061120907352,
,,,,0,0,0,0,25,0,25,0,,,,,,,,,,,,,,,,,,,,,,,,,,,,,,,,,,,,,,,,,,,,,25,4.0,m,016_y_m_n_a.jpg,neutral,s,17,1,236.53649759991094,236.8361303598853,237.09443259984255,237.26034205986653,237.26066139992326,237.29695085992572,237.2971983999014,237.82836915992667,s,1,237.2971983999014,237.82836915992667,237.83116689999588,239.43628195996862,0.519899400183931,519.899400183931,EMOCONPILOT014,2021_Jan_13_1630,EmoCon_Pilot_120Hz,2020.2.4,119.98061120907352,
,,,,0,0,0,0,26,0,26,0,,,,,,,,,,,,,,,,,,,,,,,,,,,,,,,,,,,,,,,,,,,,,26,4.0,m,016_y_m_h_a.jpg,happy,d,3,1,239.43670459999703,239.7363101599971,239.75141020002775,239.7738523599459,239.7739746000152,239.8126157598803,239.8122044999618,240.52027326005046,d,1,239.8122044999618,240.52027326005046,240.52356439991854,241.91952575996984,0.6928105000406504,692.8105000406504,EMOCONPILOT014,2021_Jan_13_1630,EmoCon_Pilot_120Hz,2020.2.4,119.98061120907352,
,,,,0,0,0,0,27,0,27,0,,,,,,,,,,,,,,,,,,,,,,,,,,,,,,,,,,,,,,,,,,,,,27,8.0,f,019_m_f_h_a.jpg,happy,d,3,1,241.9198868998792,242.21992376002018,242.24174809991382,242.26481505993289,242.26561690005474,242.30433835994918,242.3056027998682,242.89617256002967,d,1,242.3056027998682,242.89617256002967,242.90733899991028,244.71162495992613,0.5838717999868095,583.8717999868095,EMOCONPILOT014,2021_Jan_13_1630,EmoCon_Pilot_120Hz,2020.2.4,119.98061120907352,
,,,,0,0,0,0,28,0,28,0,,,,,,,,,,,,,,,,,,,,,,,,,,,,,,,,,,,,,,,,,,,,,28,8.0,f,019_m_f_s_a.jpg,sad,a,3,1,244.71539080003276,245.0114681599429,245.2701743999496,245.29646815985907,245.2972146999091,245.3328642600449,245.33312739990652,246.2751252599759,a,1,245.33312739990652,246.2751252599759,246.28586449986324,247.46170815986116,0.932124099927023,932.124099927023,EMOCONPILOT014,2021_Jan_13_1630,EmoCon_Pilot_120Hz,2020.2.4,119.98061120907352,
,,,,0,0,0,0,29,0,29,0,,,,,,,,,,,,,,,,,,,,,,,,,,,,,,,,,,,,,,,,,,,,,29,10.0,f,028_y_f_n_a.jpg,neutral,s,17,1,247.46767519996502,247.76134675994982,247.95754179987125,248.11503635996488,248.11514959996566,248.15141446001363,248.15130899986252,248.70035685992335,s,1,248.15130899986252,248.70035685992335,248.7100245000329,250.62014475998004,0.5380285000428557,538.0285000428557,EMOCONPILOT014,2021_Jan_13_1630,EmoCon_Pilot_120Hz,2020.2.4,119.98061120907352,
,,,,0,0,0,0,30,0,30,0,,,,,,,,,,,,,,,,,,,,,,,,,,,,,,,,,,,,,,,,,,,,,30,12.0,f,040_y_f_n_a.jpg,neutral,s,3,1,250.62574539985508,250.92003195986618,251.14610899984837,251.17250475983602,251.17280749999918,251.20552025989164,251.20461889985017,252.74527975984384,None,0,251.20461889985017,252.74527975984384,252.74496369995177,254.41975205994677,,,EMOCONPILOT014,2021_Jan_13_1630,EmoCon_Pilot_120Hz,2020.2.4,119.98061120907352,
,,,,0,0,0,0,31,0,31,0,,,,,,,,,,,,,,,,,,,,,,,,,,,,,,,,,,,,,,,,,,,,,31,5.0,m,027_o_m_n_a.jpg,neutral,s,3,1,254.42011539987288,254.7187839599559,254.92864819988608,254.95211845983286,254.95160169992596,254.98637616003398,254.98548399982974,256.4863760599168,None,0,254.98548399982974,256.4863760599168,256.48568299994804,257.7611373599851,,,EMOCONPILOT014,2021_Jan_13_1630,EmoCon_Pilot_120Hz,2020.2.4,119.98061120907352,
,,,,0,0,0,0,32,0,32,0,,,,,,,,,,,,,,,,,,,,,,,,,,,,,,,,,,,,,,,,,,,,,32,8.0,f,019_m_f_n_a.jpg,neutral,s,17,1,257.7605782998726,258.0603835598798,258.3336989998352,258.4989726599073,258.5004205000587,258.53781765999736,258.53699789987877,259.05254405990706,s,1,258.53699789987877,259.05254405990706,259.05424829991534,260.21064735993275,0.503963999915868,503.96399991586804,EMOCONPILOT014,2021_Jan_13_1630,EmoCon_Pilot_120Hz,2020.2.4,119.98061120907352,
,,,,0,0,0,0,33,0,33,0,,,,,,,,,,,,,,,,,,,,,,,,,,,,,,,,,,,,,,,,,,,,,33,4.0,m,016_y_m_n_a.jpg,neutral,s,17,1,260.21057410002686,260.51080356000455,260.79268920002505,260.95910825997123,260.9637978998944,261.000344659877,261.00035919994116,261.48724855992475,s,1,261.00035919994116,261.48724855992475,261.489551599836,262.79434015995355,0.4726561000570655,472.6561000570655,EMOCONPILOT014,2021_Jan_13_1630,EmoCon_Pilot_120Hz,2020.2.4,119.98061120907352,
,,,,0,0,0,0,34,0,34,0,,,,,,,,,,,,,,,,,,,,,,,,,,,,,,,,,,,,,,,,,,,,,34,11.0,f,030_o_f_n_a.jpg,neutral,s,3,1,262.7942190000322,263.09397405989,263.355456299847,263.3835746599128,263.38484929990955,263.4210245599737,263.419947499875,264.91963635988066,None,0,263.419947499875,264.91963635988066,264.9190177000128,266.52712345982434,,,EMOCONPILOT014,2021_Jan_13_1630,EmoCon_Pilot_120Hz,2020.2.4,119.98061120907352,
,,,,0,0,0,0,35,0,35,0,,,,,,,,,,,,,,,,,,,,,,,,,,,,,,,,,,,,,,,,,,,,,35,9.0,f,021_o_f_h_a.jpg,happy,d,17,1,266.5269005000591,266.82676675983237,267.0392298998777,267.17437775989526,267.17357830004767,267.21140615988986,267.21247679996304,267.7441863599,d,1,267.21247679996304,267.7441863599,267.75253719999455,269.6272687599761,0.525094399927184,525.094399927184,EMOCONPILOT014,2021_Jan_13_1630,EmoCon_Pilot_120Hz,2020.2.4,119.98061120907352,
,,,,0,0,0,0,36,0,36,0,,,,,,,,,,,,,,,,,,,,,,,,,,,,,,,,,,,,,,,,,,,,,36,11.0,f,030_o_f_s_a.jpg,sad,a,3,1,269.63127629994415,269.9272924598539,270.12435619998723,270.14797845992723,270.1464873999357,270.17836215996647,270.1774589999113,271.6777860598871,None,0,270.1774589999113,271.6777860598871,271.67865559994243,273.65307945988604,,,EMOCONPILOT014,2021_Jan_13_1630,EmoCon_Pilot_120Hz,2020.2.4,119.98061120907352,
,,,,0,0,0,0,37,0,37,0,,,,,,,,,,,,,,,,,,,,,,,,,,,,,,,,,,,,,,,,,,,,,37,12.0,f,040_y_f_n_a.jpg,neutral,s,3,1,273.65733519988135,273.9530849598581,274.19099439983256,274.2158087598858,274.215450800024,274.24733575989956,274.24603999988176,275.029313759855,s,1,274.24603999988176,275.029313759855,275.03183049988,277.0118540599709,0.7709982001688331,770.9982001688331,EMOCONPILOT014,2021_Jan_13_1630,EmoCon_Pilot_120Hz,2020.2.4,119.98061120907352,
,,,,0,0,0,0,38,0,38,0,,,,,,,,,,,,,,,,,,,,,,,,,,,,,,,,,,,,,,,,,,,,,38,9.0,f,021_o_f_s_a.jpg,sad,a,3,1,277.011827299837,277.3118907599477,277.3283106999006,277.35044106000566,277.35055129998364,277.3883843598654,277.3881621998735,278.34264205999204,d,0,277.3881621998735,278.34264205999204,278.3454813999124,280.2540733599802,0.9408571000676602,940.8571000676602,EMOCONPILOT014,2021_Jan_13_1630,EmoCon_Pilot_120Hz,2020.2.4,119.98061120907352,
,,,,0,0,0,0,39,0,39,0,,,,,,,,,,,,,,,,,,,,,,,,,,,,,,,,,,,,,,,,,,,,,39,4.0,m,016_y_m_n_a.jpg,neutral,s,17,1,280.26017250004224,280.55354535996446,280.80558229982853,280.95264185986014,280.95294560003094,280.9881876599742,280.9874317999929,281.50925455985123,s,1,280.9874317999929,281.50925455985123,281.51159549993463,283.42031066000925,0.5096887000836432,509.6887000836432,EMOCONPILOT014,2021_Jan_13_1630,EmoCon_Pilot_120Hz,2020.2.4,119.98061120907352,
,,,,0,0,0,0,40,0,40,0,,,,,,,,,,,,,,,,,,,,,,,,,,,,,,,,,,,,,,,,,,,,,40,9.0,f,021_o_f_s_a.jpg,sad,a,3,1,283.42042890004814,283.7203181599965,283.7301087998785,283.7527551599545,283.7528268999886,283.7883051598677,283.7884257999249,285.2884589598747,None,0,283.7884257999249,285.2884589598747,285.289671999868,286.35369665988253,,,EMOCONPILOT014,2021_Jan_13_1630,EmoCon_Pilot_120Hz,2020.2.4,119.98061120907352,
,,,,0,0,0,0,41,0,41,0,,,,,,,,,,,,,,,,,,,,,,,,,,,,,,,,,,,,,,,,,,,,,41,11.0,f,030_o_f_h_a.jpg,happy,d,17,1,286.3541345000267,286.6537370600039,286.86057849996723,287.01217605986164,287.0124686998315,287.04654996001625,287.04601869988255,287.5300487598637,d,1,287.04601869988255,287.5300487598637,287.5319761999417,288.7623093598289,0.4751428000163287,475.1428000163287,EMOCONPILOT014,2021_Jan_13_1630,EmoCon_Pilot_120Hz,2020.2.4,119.98061120907352,
,,,,0,0,0,0,42,0,42,0,,,,,,,,,,,,,,,,,,,,,,,,,,,,,,,,,,,,,,,,,,,,,42,4.0,m,016_y_m_h_a.jpg,happy,d,3,1,288.7640984999016,289.0621390598593,289.076410099864,289.0992668599123,289.099261400057,289.1386516599217,289.1383801000193,289.8209893598454,d,1,289.1383801000193,289.8209893598454,289.82400649995543,291.3122666598996,0.6706570000387728,670.6570000387728,EMOCONPILOT014,2021_Jan_13_1630,EmoCon_Pilot_120Hz,2020.2.4,119.98061120907352,
,,,,0,0,0,0,43,0,43,0,,,,,,,,,,,,,,,,,,,,,,,,,,,,,,,,,,,,,,,,,,,,,43,1.0,m,004_o_m_s_a.jpg,sad,a,3,1,291.31224090000615,291.61220975986214,291.6272604998667,291.65007795996496,291.65026529994793,291.6886704598786,291.6893754999619,293.1878045599209,None,0,291.6893754999619,293.1878045599209,293.1878577999305,295.0790895598242,,,EMOCONPILOT014,2021_Jan_13_1630,EmoCon_Pilot_120Hz,2020.2.4,119.98061120907352,
,,,,0,0,0,0,44,0,44,0,,,,,,,,,,,,,,,,,,,,,,,,,,,,,,,,,,,,,,,,,,,,,44,4.0,m,016_y_m_h_a.jpg,happy,d,17,1,295.07901200000197,295.3789212598698,295.3885437999852,295.52247315992133,295.523100099992,295.5641004598932,295.56373159983195,295.971282460005,d,1,295.56373159983195,295.971282460005,295.9746226000134,297.4957129598828,0.39740350004285574,397.40350004285574,EMOCONPILOT014,2021_Jan_13_1630,EmoCon_Pilot_120Hz,2020.2.4,119.98061120907352,
,,,,0,0,0,0,45,0,45,0,,,,,,,,,,,,,,,,,,,,,,,,,,,,,,,,,,,,,,,,,,,,,45,7.0,f,012_o_f_s_a.jpg,sad,a,3,1,297.49571479996666,297.79576465997377,297.8122341998387,297.8349869600264,297.8350396999158,297.8721643599914,297.8720392000396,298.7379392599454,d,0,297.8720392000396,298.7379392599454,298.7413512999192,299.7875192600535,0.857326400000602,857.326400000602,EMOCONPILOT014,2021_Jan_13_1630,EmoCon_Pilot_120Hz,2020.2.4,119.98061120907352,
,,,,0,0,0,0,46,0,46,0,,,,,,,,,,,,,,,,,,,,,,,,,,,,,,,,,,,,,,,,,,,,,46,8.0,f,019_m_f_n_a.jpg,neutral,s,3,1,299.7874265999999,300.0875297598308,300.354669299908,300.3810681600356,300.3812799998559,300.4173214598326,300.41748709999956,301.1546482599573,s,1,300.41748709999956,301.1546482599573,301.15795719996095,302.58750525999346,0.7277569000143558,727.7569000143558,EMOCONPILOT014,2021_Jan_13_1630,EmoCon_Pilot_120Hz,2020.2.4,119.98061120907352,
,,,,0,0,0,0,47,0,47,0,,,,,,,,,,,,,,,,,,,,,,,,,,,,,,,,,,,,,,,,,,,,,47,2.0,m,008_y_m_h_a.jpg,happy,d,3,1,302.58751369989477,302.8875485600205,302.90369750000536,302.9264405600028,302.9266301000025,302.96397355988154,302.9639055998996,303.6630115599604,d,1,302.9639055998996,303.6630115599604,303.6650880998932,305.4541462599067,0.6852359001059085,685.2359001059085,EMOCONPILOT014,2021_Jan_13_1630,EmoCon_Pilot_120Hz,2020.2.4,119.98061120907352,
,,,,0,0,0,0,48,0,48,0,,,,,,,,,,,,,,,,,,,,,,,,,,,,,,,,,,,,,,,,,,,,,48,12.0,f,040_y_f_n_a.jpg,neutral,s,17,1,305.45428129984066,305.7542363598244,306.0006542999763,306.16884005998725,306.1695691999048,306.2059319598833,306.205863900017,306.600778559898,s,1,306.205863900017,306.600778559898,306.6038386998698,308.52934895989017,0.3872042999137193,387.2042999137193,EMOCONPILOT014,2021_Jan_13_1630,EmoCon_Pilot_120Hz,2020.2.4,119.98061120907352,
,,,,0,0,0,0,49,0,49,0,,,,,,,,,,,,,,,,,,,,,,,,,,,,,,,,,,,,,,,,,,,,,49,11.0,f,030_o_f_n_a.jpg,neutral,s,3,1,308.52974429982714,308.8301161599578,309.0445413000416,309.0700858598342,309.0702154999599,309.1063249599887,309.105445999885,310.6050489600515,None,0,309.105445999885,310.6050489600515,310.6046034998726,311.7961650599958,,,EMOCONPILOT014,2021_Jan_13_1630,EmoCon_Pilot_120Hz,2020.2.4,119.98061120907352,
,,,,0,0,0,0,50,0,50,0,,,,,,,,,,,,,,,,,,,,,,,,,,,,,,,,,,,,,,,,,,,,,50,8.0,f,019_m_f_h_a.jpg,happy,d,3,1,311.7960744998418,312.0960410600295,312.11127420002595,312.1341627598507,312.1341750000138,312.17267695998305,312.17241739993915,312.74665176004635,d,1,312.17241739993915,312.74665176004635,312.74933500005864,314.29596916001753,0.5648687998764217,564.8687998764217,EMOCONPILOT014,2021_Jan_13_1630,EmoCon_Pilot_120Hz,2020.2.4,119.98061120907352,
,,,,0,0,0,0,51,0,51,0,,,,,,,,,,,,,,,,,,,,,,,,,,,,,,,,,,,,,,,,,,,,,51,8.0,f,019_m_f_n_a.jpg,neutral,s,17,1,314.2961303999182,314.596056859917,314.8544472998474,315.0066029599169,315.00654609990306,315.04291045989373,315.0429833000526,315.58961075984405,s,1,315.0429833000526,315.58961075984405,315.59202550002374,317.02130185996646,0.5342109000775963,534.2109000775963,EMOCONPILOT014,2021_Jan_13_1630,EmoCon_Pilot_120Hz,2020.2.4,119.98061120907352,
,,,,0,0,0,0,52,0,52,0,,,,,,,,,,,,,,,,,,,,,,,,,,,,,,,,,,,,,,,,,,,,,52,12.0,f,040_y_f_n_a.jpg,neutral,s,3,1,317.021358900005,317.3214024598477,317.56104339985177,317.58727555999064,317.58754709991626,317.62351835982406,317.62353049986996,318.2804670599056,s,1,317.62353049986996,318.2804670599056,318.28515350003727,320.17952495997304,0.6414954999927431,641.4954999927431,EMOCONPILOT014,2021_Jan_13_1630,EmoCon_Pilot_120Hz,2020.2.4,119.98061120907352,
,,,,0,0,0,0,53,0,53,0,,,,,,,,,,,,,,,,,,,,,,,,,,,,,,,,,,,,,,,,,,,,,53,9.0,f,021_o_f_h_a.jpg,happy,d,3,1,320.1794414999895,320.4795960599789,320.7034622998908,320.7286974598886,320.7286924999207,320.76409326002465,320.76392970001325,321.3720482599223,d,1,320.76392970001325,321.3720482599223,321.37507299985737,323.0295334600145,0.5971665000542998,597.1665000542998,EMOCONPILOT014,2021_Jan_13_1630,EmoCon_Pilot_120Hz,2020.2.4,119.98061120907352,
,,,,0,0,0,0,54,0,54,0,,,,,,,,,,,,,,,,,,,,,,,,,,,,,,,,,,,,,,,,,,,,,54,2.0,m,008_y_m_n_a.jpg,neutral,s,3,1,323.0297997999005,323.32991885996887,323.5933325998485,323.6205030600307,323.62239010003395,323.6579547598725,323.65778600005433,324.32174295999573,s,1,323.65778600005433,324.32174295999573,324.32455160003155,325.77124606000723,0.6553618998732418,655.3618998732418,EMOCONPILOT014,2021_Jan_13_1630,EmoCon_Pilot_120Hz,2020.2.4,119.98061120907352,
,,,,0,0,0,0,55,0,55,0,,,,,,,,,,,,,,,,,,,,,,,,,,,,,,,,,,,,,,,,,,,,,55,10.0,f,028_y_f_n_a.jpg,neutral,s,17,1,325.7716172998771,326.0714649599744,326.3241125999484,326.4846107598627,326.48653630004264,326.523114660033,326.52230379986577,326.99815955988595,s,1,326.52230379986577,326.99815955988595,327.00119700003415,328.5880645599449,0.46271179988980293,462.71179988980293,EMOCONPILOT014,2021_Jan_13_1630,EmoCon_Pilot_120Hz,2020.2.4,119.98061120907352,
,,,,0,0,0,0,56,0,56,0,,,,,,,,,,,,,,,,,,,,,,,,,,,,,,,,,,,,,,,,,,,,,56,12.0,f,040_y_f_h_a.jpg,happy,d,3,1,328.5882087999489,328.8880483598681,328.903945799917,328.9267168598948,328.9270045000594,328.9645539598772,328.9639411000535,329.45582205986136,s,0,328.9639411000535,329.45582205986136,329.4588228999637,331.02140486005226,0.477140000090003,477.140000090003,EMOCONPILOT014,2021_Jan_13_1630,EmoCon_Pilot_120Hz,2020.2.4,119.98061120907352,
,,,,0,0,0,0,57,0,57,0,,,,,,,,,,,,,,,,,,,,,,,,,,,,,,,,,,,,,,,,,,,,,57,2.0,m,008_y_m_n_a.jpg,neutral,s,17,1,331.021520299837,331.32183705989735,331.6100836000405,331.76239496001506,331.7623813999817,331.7975122600095,331.79748419998214,332.2791669599013,s,1,331.79748419998214,332.2791669599013,332.28141699987464,333.5873290600488,0.4675813999492675,467.5813999492675,EMOCONPILOT014,2021_Jan_13_1630,EmoCon_Pilot_120Hz,2020.2.4,119.98061120907352,
,,,,0,0,0,0,58,0,58,0,,,,,,,,,,,,,,,,,,,,,,,,,,,,,,,,,,,,,,,,,,,,,58,9.0,f,021_o_f_n_a.jpg,neutral,s,17,1,333.58676059986465,333.88667966003993,334.11258640000597,334.2529598599998,334.2515670999419,334.2889254600508,334.2867248998955,334.7542024599155,s,1,334.2867248998955,334.7542024599155,334.7553681000136,335.8618621600093,0.458971600048244,458.971600048244,EMOCONPILOT014,2021_Jan_13_1630,EmoCon_Pilot_120Hz,2020.2.4,119.98061120907352,
,,,,0,0,0,0,59,0,59,0,,,,,,,,,,,,,,,,,,,,,,,,,,,,,,,,,,,,,,,,,,,,,59,4.0,m,016_y_m_n_a.jpg,neutral,s,3,1,335.86187849985436,336.1620410599047,336.410184700042,336.4344670600025,336.4334960000124,336.4721802598564,336.4706869998481,337.97115245994644,None,0,336.4706869998481,337.97115245994644,337.9707767998334,339.73001305989453,,,EMOCONPILOT014,2021_Jan_13_1630,EmoCon_Pilot_120Hz,2020.2.4,119.98061120907352,
,,,,0,0,0,0,60,0,60,0,,,,,,,,,,,,,,,,,,,,,,,,,,,,,,,,,,,,,,,,,,,,,60,6.0,m,033_o_m_s_a.jpg,sad,a,17,1,339.73003039998,340.03001625996546,340.04920060001314,340.18205005999187,340.1823158999905,340.2231030598981,340.2226768999826,340.63139945988075,s,0,340.2226768999826,340.63139945988075,340.6341269998811,342.2799949599197,0.39442450017668307,394.42450017668307,EMOCONPILOT014,2021_Jan_13_1630,EmoCon_Pilot_120Hz,2020.2.4,119.98061120907352,
,,,,0,0,0,0,61,0,61,0,,,,,,,,,,,,,,,,,,,,,,,,,,,,,,,,,,,,,,,,,,,,,61,7.0,f,012_o_f_n_a.jpg,neutral,s,3,1,342.28020329982974,342.57999735998453,342.82691009994596,342.853699560021,342.8535313999746,342.88992625984827,342.88971049990505,343.61435275988185,s,1,342.88971049990505,343.61435275988185,343.6168575999327,344.9467631599167,0.711390599841252,711.390599841252,EMOCONPILOT014,2021_Jan_13_1630,EmoCon_Pilot_120Hz,2020.2.4,119.98061120907352,
,,,,0,0,0,0,62,0,62,0,,,,,,,,,,,,,,,,,,,,,,,,,,,,,,,,,,,,,,,,,,,,,62,2.0,m,008_y_m_h_a.jpg,happy,d,17,1,344.94727839995176,345.2467894600471,345.2572838999331,345.3904390600277,345.39051209995523,345.43149895987005,345.43090819986537,346.9322289598407,None,0,345.43090819986537,346.9322289598407,346.932432099944,348.0718469598563,,,EMOCONPILOT014,2021_Jan_13_1630,EmoCon_Pilot_120Hz,2020.2.4,119.98061120907352,
,,,,0,0,0,0,63,0,63,0,,,,,,,,,,,,,,,,,,,,,,,,,,,,,,,,,,,,,,,,,,,,,63,10.0,f,028_y_f_h_a.jpg,happy,d,3,1,348.0719579998404,348.3717949599726,348.387461300008,348.4103955598315,348.4104989999905,348.4482705599861,348.4478511000052,349.0146568598924,d,1,348.4478511000052,349.0146568598924,349.0180013999343,350.81359735990407,0.5532360000070184,553.2360000070184,EMOCONPILOT014,2021_Jan_13_1630,EmoCon_Pilot_120Hz,2020.2.4,119.98061120907352,
,,,,0,0,0,0,64,0,64,0,,,,,,,,,,,,,,,,,,,,,,,,,,,,,,,,,,,,,,,,,,,,,64,4.0,m,016_y_m_h_a.jpg,happy,d,17,1,350.8134421999566,351.11343766001517,351.1224856998306,351.2568281600019,351.25650909985416,351.29810225984545,351.29795109992847,351.6475056600524,d,1,351.29795109992847,351.6475056600524,351.64911290002055,353.430302759842,0.33511359989643097,335.11359989643097,EMOCONPILOT014,2021_Jan_13_1630,EmoCon_Pilot_120Hz,2020.2.4,119.98061120907352,
,,,,0,0,0,0,65,0,65,0,,,,,,,,,,,,,,,,,,,,,,,,,,,,,,,,,,,,,,,,,,,,,65,9.0,f,021_o_f_s_a.jpg,sad,a,3,1,353.43057839991525,353.73013155998194,353.7387361000292,353.7614489600295,353.76160710002296,353.7981027599657,353.797983400058,355.30608475997576,None,0,353.797983400058,355.30608475997576,355.3065929999575,357.2219701600028,,,EMOCONPILOT014,2021_Jan_13_1630,EmoCon_Pilot_120Hz,2020.2.4,119.98061120907352,
,,,,0,0,0,0,66,0,66,0,,,,,,,,,,,,,,,,,,,,,,,,,,,,,,,,,,,,,,,,,,,,,66,7.0,f,012_o_f_h_a.jpg,happy,d,3,1,357.22186589986086,357.52230576004365,357.5540771998931,357.5765434598783,357.57657949998975,357.6148649598239,357.6141957999207,358.2969528599409,d,1,357.6141957999207,358.2969528599409,358.2997426998336,360.0969673599815,0.6749046000186354,674.9046000186354,EMOCONPILOT014,2021_Jan_13_1630,EmoCon_Pilot_120Hz,2020.2.4,119.98061120907352,
,,,,0,0,0,0,67,0,67,0,,,,,,,,,,,,,,,,,,,,,,,,,,,,,,,,,,,,,,,,,,,,,67,9.0,f,021_o_f_h_a.jpg,happy,d,3,1,360.0972527998965,360.396982959914,360.85985989985056,360.8856132598361,360.8858822998591,360.9232447598828,360.922386799939,362.42256056002805,None,0,360.922386799939,362.42256056002805,362.42237060004845,364.3805374598363,,,EMOCONPILOT014,2021_Jan_13_1630,EmoCon_Pilot_120Hz,2020.2.4,119.98061120907352,
,,,,0,0,0,0,68,0,68,0,,,,,,,,,,,,,,,,,,,,,,,,,,,,,,,,,,,,,,,,,,,,,68,8.0,f,019_m_f_h_a.jpg,happy,d,17,1,364.38060589996167,364.6805193598615,364.6919725998305,364.8239817600464,364.8247020000126,364.8653612599941,364.86483319988474,365.42265645994337,d,1,364.86483319988474,365.42265645994337,365.42586439987645,366.7555574599886,0.5443080000113696,544.3080000113696,EMOCONPILOT014,2021_Jan_13_1630,EmoCon_Pilot_120Hz,2020.2.4,119.98061120907352,
,,,,0,0,0,0,69,0,69,0,,,,,,,,,,,,,,,,,,,,,,,,,,,,,,,,,,,,,,,,,,,,,69,9.0,f,021_o_f_s_a.jpg,sad,a,17,1,366.75573839992285,367.05548575983846,367.06351180002093,367.19884015989953,367.19897000002675,367.24011705999726,367.2394518000074,367.91436336000913,a,1,367.2394518000074,367.91436336000913,367.9173538000323,369.35548155985305,0.665804399875924,665.804399875924,EMOCONPILOT014,2021_Jan_13_1630,EmoCon_Pilot_120Hz,2020.2.4,119.98061120907352,
,,,,0,0,0,0,70,0,70,0,,,,,,,,,,,,,,,,,,,,,,,,,,,,,,,,,,,,,,,,,,,,,70,2.0,m,008_y_m_h_a.jpg,happy,d,17,1,369.35548130003735,369.65548665982203,369.66437459993176,369.79889895997474,369.7986226999201,369.84021416001485,369.8402775998693,370.4559992600465,s,0,369.8402775998693,370.4559992600465,370.45856559998356,371.6391481598606,0.6008365000598133,600.8365000598133,EMOCONPILOT014,2021_Jan_13_1630,EmoCon_Pilot_120Hz,2020.2.4,119.98061120907352,
,,,,0,0,0,0,71,0,71,0,,,,,,,,,,,,,,,,,,,,,,,,,,,,,,,,,,,,,,,,,,,,,71,1.0,m,004_o_m_h_a.jpg,happy,d,3,1,371.63901449996047,371.93889216005334,372.4015341999475,372.42797305991405,372.42828659992665,372.4651855600299,372.4648217000067,373.16441735995465,d,1,372.4648217000067,373.16441735995465,373.1671209000051,375.0727187599754,0.688292299862951,688.292299862951,EMOCONPILOT014,2021_Jan_13_1630,EmoCon_Pilot_120Hz,2020.2.4,119.98061120907352,
,,,,0,0,0,0,72,0,72,0,,,,,,,,,,,,,,,,,,,,,,,,,,,,,,,,,,,,,,,,,,,,,72,11.0,f,030_o_f_h_a.jpg,happy,d,3,1,375.07267059991136,375.3726921600522,375.56383559992537,375.58966336001174,375.5898168999702,375.626873659878,375.6290045999922,376.3811483599478,d,1,375.6290045999922,376.3811483599478,376.38347389991395,377.6228130599251,0.7402846000622958,740.2846000622958,EMOCONPILOT014,2021_Jan_13_1630,EmoCon_Pilot_120Hz,2020.2.4,119.98061120907352,
,,,,0,0,0,0,73,0,73,0,,,,,,,,,,,,,,,,,,,,,,,,,,,,,,,,,,,,,,,,,,,,,73,8.0,f,019_m_f_s_a.jpg,sad,a,3,1,377.6272062000353,377.9225207599578,378.18104439997114,378.2058985598618,378.2061365998816,378.24061306004876,378.24047119985335,379.756299959938,None,0,378.24047119985335,379.756299959938,379.75628659990616,380.997392059979,,,EMOCONPILOT014,2021_Jan_13_1630,EmoCon_Pilot_120Hz,2020.2.4,119.98061120907352,
,,,,0,0,0,0,74,0,74,0,,,,,,,,,,,,,,,,,,,,,,,,,,,,,,,,,,,,,,,,,,,,,74,5.0,m,027_o_m_h_a.jpg,happy,d,3,1,380.9975537999999,381.29740705990696,381.51163970003836,381.53756905996704,381.53810509992763,381.57400625988373,381.5740721998736,382.08970255984457,d,1,381.5740721998736,382.08970255984457,382.0922603998333,383.2890757599147,0.5072568999603391,507.25689996033907,EMOCONPILOT014,2021_Jan_13_1630,EmoCon_Pilot_120Hz,2020.2.4,119.98061120907352,
,,,,0,0,0,0,75,0,75,0,,,,,,,,,,,,,,,,,,,,,,,,,,,,,,,,,,,,,,,,,,,,,75,8.0,f,019_m_f_s_a.jpg,sad,a,17,1,383.2892758999951,383.5895692598773,383.8428686000407,383.99477495995814,383.9952266998589,384.0321231598267,384.0317112999037,384.5566059599863,a,1,384.0317112999037,384.5566059599863,384.5611133000348,385.7478148599388,0.5135073000565171,513.5073000565171,EMOCONPILOT014,2021_Jan_13_1630,EmoCon_Pilot_120Hz,2020.2.4,119.98061120907352,
,,,,0,0,0,0,76,0,76,0,,,,,,,,,,,,,,,,,,,,,,,,,,,,,,,,,,,,,,,,,,,,,76,7.0,f,012_o_f_n_a.jpg,neutral,s,3,1,385.74756679986604,386.04753316005224,386.26157659990713,386.2871147598838,386.287053699838,386.3237703598337,386.3235161998309,387.8270561599405,None,0,386.3235161998309,387.8270561599405,387.82708239997737,388.94761325998695,,,EMOCONPILOT014,2021_Jan_13_1630,EmoCon_Pilot_120Hz,2020.2.4,119.98061120907352,
,,,,0,0,0,0,77,0,77,0,,,,,,,,,,,,,,,,,,,,,,,,,,,,,,,,,,,,,,,,,,,,,77,6.0,m,033_o_m_s_a.jpg,sad,a,17,1,388.94796380004846,389.2475824600318,389.28191010002047,389.41598105987066,389.4164320998825,389.45726095999123,389.45706419995986,390.2981228600023,a,1,389.45706419995986,390.2981228600023,390.299619599944,392.18105295996645,0.8322142998222262,832.2142998222262,EMOCONPILOT014,2021_Jan_13_1630,EmoCon_Pilot_120Hz,2020.2.4,119.98061120907352,
,,,,0,0,0,0,78,0,78,0,,,,,,,,,,,,,,,,,,,,,,,,,,,,,,,,,,,,,,,,,,,,,78,1.0,m,004_o_m_h_a.jpg,happy,d,3,1,392.1810049000196,392.4810809599934,392.67824359983206,392.70315555993,392.7041962998919,392.74055635996626,392.7404220998287,393.3981955598341,d,1,392.7404220998287,393.3981955598341,393.4011506999377,394.8811173599446,0.644803199917078,644.803199917078,EMOCONPILOT014,2021_Jan_13_1630,EmoCon_Pilot_120Hz,2020.2.4,119.98061120907352,
,,,,0,0,0,0,79,0,79,0,,,,,,,,,,,,,,,,,,,,,,,,,,,,,,,,,,,,,,,,,,,,,79,5.0,m,027_o_m_s_a.jpg,sad,a,3,1,394.8812130000442,395.1810276598902,395.1978619999718,395.22061685982624,395.22098389989696,395.2576383598847,395.25723539991304,396.7567336598644,a,1,395.25723539991304,396.7567336598644,396.7588682998903,397.9312819598475,1.4878892998676747,1487.8892998676747,EMOCONPILOT014,2021_Jan_13_1630,EmoCon_Pilot_120Hz,2020.2.4,119.98061120907352,
,,,,0,0,0,0,80,0,80,0,,,,,,,,,,,,,,,,,,,,,,,,,,,,,,,,,,,,,,,,,,,,,80,9.0,f,021_o_f_s_a.jpg,sad,a,3,1,397.93140610004775,398.2312164599774,398.2401763999369,398.26237915989475,398.2627109999303,398.2992128599202,398.29900650004856,399.87312795987816,None,0,398.29900650004856,399.87312795987816,399.8779929999728,401.26494315986054,,,EMOCONPILOT014,2021_Jan_13_1630,EmoCon_Pilot_120Hz,2020.2.4,119.98061120907352,
,,,,0,0,0,0,81,0,81,0,,,,,,,,,,,,,,,,,,,,,,,,,,,,,,,,,,,,,,,,,,,,,81,5.0,m,027_o_m_s_a.jpg,sad,a,3,1,401.26928070001304,401.56489485988857,401.58485509990714,401.6079418598441,401.6085065000225,401.6430748598417,401.6438889000565,402.900328360009,a,1,401.6438889000565,402.900328360009,402.9065518998541,404.3150860599475,1.2455621999688447,1245.5621999688447,EMOCONPILOT014,2021_Jan_13_1630,EmoCon_Pilot_120Hz,2020.2.4,119.98061120907352,
,,,,0,0,0,0,82,0,82,0,,,,,,,,,,,,,,,,,,,,,,,,,,,,,,,,,,,,,,,,,,,,,82,7.0,f,012_o_f_h_a.jpg,happy,d,3,1,404.3205871998798,404.6150424598949,404.6407257998362,404.6634338600328,404.66411180002615,404.69956845997365,404.7003863998689,405.3517793598352,d,1,404.7003863998689,405.3517793598352,405.3611930999905,406.6900502599077,0.6369672999717295,636.9672999717295,EMOCONPILOT014,2021_Jan_13_1630,EmoCon_Pilot_120Hz,2020.2.4,119.98061120907352,
,,,,0,0,0,0,83,0,83,0,,,,,,,,,,,,,,,,,,,,,,,,,,,,,,,,,,,,,,,,,,,,,83,3.0,m,013_y_m_s_a.jpg,sad,a,3,1,406.6955472000409,406.99012015990445,407.0097645998467,407.03237355987073,407.0327575998381,407.0670911599649,407.0664134998806,407.8019326599082,a,1,407.0664134998806,407.8019326599082,407.81211739988066,409.18170365991534,0.7190010000485927,719.0010000485927,EMOCONPILOT014,2021_Jan_13_1630,EmoCon_Pilot_120Hz,2020.2.4,119.98061120907352,
,,,,0,0,0,0,84,0,84,0,,,,,,,,,,,,,,,,,,,,,,,,,,,,,,,,,,,,,,,,,,,,,84,5.0,m,027_o_m_s_a.jpg,sad,a,17,1,409.1856893999502,409.48160885993855,409.4901533999946,409.62509515995623,409.62861300003715,409.6697317599086,409.6699820999056,410.30277015988247,a,1,409.6699820999056,410.30277015988247,410.3122825999744,411.6982583598932,0.6193570999894291,619.3570999894291,EMOCONPILOT014,2021_Jan_13_1630,EmoCon_Pilot_120Hz,2020.2.4,119.98061120907352,
,,,,0,0,0,0,85,0,85,0,,,,,,,,,,,,,,,,,,,,,,,,,,,,,,,,,,,,,,,,,,,,,85,4.0,m,016_y_m_s_a.jpg,sad,a,17,1,411.69821790000424,411.9984380600275,412.0178749000188,412.15013206002766,412.15434379992075,412.19473076004067,412.2002942999825,412.57706516000906,a,1,412.2002942999825,412.57706516000906,412.5897345999256,414.3153071598848,0.36116410000249743,361.16410000249743,EMOCONPILOT014,2021_Jan_13_1630,EmoCon_Pilot_120Hz,2020.2.4,119.98061120907352,
,,,,0,0,0,0,86,0,86,0,,,,,,,,,,,,,,,,,,,,,,,,,,,,,,,,,,,,,,,,,,,,,86,5.0,m,027_o_m_n_a.jpg,neutral,s,3,1,414.3207061998546,414.6152900599176,415.00134749989957,415.0281719600083,415.0290975999087,415.06644166002513,415.06745909992605,416.7851510599488,None,0,415.06745909992605,416.7851510599488,416.7925316998735,418.73203695982227,,,EMOCONPILOT014,2021_Jan_13_1630,EmoCon_Pilot_120Hz,2020.2.4,119.98061120907352,
,,,,0,0,0,0,87,0,87,0,,,,,,,,,,,,,,,,,,,,,,,,,,,,,,,,,,,,,,,,,,,,,87,3.0,m,013_y_m_h_a.jpg,happy,d,17,1,418.7364105999004,419.0319604598684,419.27298739994876,419.4243833599379,419.4273518999107,419.4654160600388,419.4685440999456,419.8999120599823,d,1,419.4685440999456,419.8999120599823,419.9092967000324,421.40702556001486,0.4207625000271946,420.7625000271946,EMOCONPILOT014,2021_Jan_13_1630,EmoCon_Pilot_120Hz,2020.2.4,119.98061120907352,
,,,,0,0,0,0,88,0,88,0,,,,,,,,,,,,,,,,,,,,,,,,,,,,,,,,,,,,,,,,,,,,,88,5.0,m,027_o_m_s_a.jpg,sad,a,3,1,421.41197420004755,421.70700655991675,421.7321263998747,421.75492785985114,421.75536589999683,421.79140006003433,421.792492599925,423.39290635983923,None,0,421.792492599925,423.39290635983923,423.39795869984664,424.9154531599255,,,EMOCONPILOT014,2021_Jan_13_1630,EmoCon_Pilot_120Hz,2020.2.4,119.98061120907352,
,,,,0,0,0,0,89,0,89,0,,,,,,,,,,,,,,,,,,,,,,,,,,,,,,,,,,,,,,,,,,,,,89,5.0,m,027_o_m_s_a.jpg,sad,a,17,1,424.92150089982897,425.21544775993095,425.22765389992855,425.3588247599313,425.3622772998642,425.39995785986537,425.40373170003295,425.89977195996323,a,1,425.40373170003295,425.89977195996323,425.9091618999373,427.6822541600326,0.4856018000282347,485.6018000282347,EMOCONPILOT014,2021_Jan_13_1630,EmoCon_Pilot_120Hz,2020.2.4,119.98061120907352,
,,,,0,0,0,0,90,0,90,0,,,,,,,,,,,,,,,,,,,,,,,,,,,,,,,,,,,,,,,,,,,,,90,12.0,f,040_y_f_s_a.jpg,sad,a,17,1,427.6879208998289,427.98219255984293,428.0062861999031,428.14214886000843,428.1465737998951,428.1862765599275,428.18983639986254,428.6362440599827,a,1,428.18983639986254,428.6362440599827,428.64786559995264,429.6405031599337,0.4357272000052035,435.7272000052035,EMOCONPILOT014,2021_Jan_13_1630,EmoCon_Pilot_120Hz,2020.2.4,119.98061120907352,
,,,,0,0,0,0,91,0,91,0,,,,,,,,,,,,,,,,,,,,,,,,,,,,,,,,,,,,,,,,,,,,,91,3.0,m,013_y_m_n_a.jpg,neutral,s,17,1,429.6405731998384,429.94061055986674,430.36114299995825,430.52856195995116,430.5333711998537,430.57467655998187,430.5784552998375,431.05743605990426,s,1,430.5784552998375,431.05743605990426,431.0606466999743,432.84048105983527,0.4709179000928998,470.9179000928998,EMOCONPILOT014,2021_Jan_13_1630,EmoCon_Pilot_120Hz,2020.2.4,119.98061120907352,
,,,,0,0,0,0,92,0,92,0,,,,,,,,,,,,,,,,,,,,,,,,,,,,,,,,,,,,,,,,,,,,,92,12.0,f,040_y_f_s_a.jpg,sad,a,3,1,432.84093849989586,433.14058145994784,433.16277199983597,433.18528185992034,433.18665849999525,433.22505475997457,433.2264500998426,434.8050957598956,None,0,433.2264500998426,434.8050957598956,434.8086466998793,436.673992959992,,,EMOCONPILOT014,2021_Jan_13_1630,EmoCon_Pilot_120Hz,2020.2.4,119.98061120907352,
,,,,0,0,0,0,93,0,93,0,,,,,,,,,,,,,,,,,,,,,,,,,,,,,,,,,,,,,,,,,,,,,93,6.0,m,033_o_m_s_a.jpg,sad,a,3,1,436.6792933999095,436.97398495997766,436.9863944000099,437.00954795998985,437.0104330999311,437.04702266000675,437.04804280004464,438.59117575988637,None,0,437.04804280004464,438.59117575988637,438.5919220999349,440.58241945991756,,,EMOCONPILOT014,2021_Jan_13_1630,EmoCon_Pilot_120Hz,2020.2.4,119.98061120907352,
,,,,0,0,0,0,94,0,94,0,,,,,,,,,,,,,,,,,,,,,,,,,,,,,,,,,,,,,,,,,,,,,94,2.0,m,008_y_m_s_a.jpg,sad,a,17,1,440.58658599993214,440.8825121598551,441.1297706000041,441.2843878599582,441.28901109984145,441.3298266599653,441.33422199985944,441.7916787599446,a,1,441.33422199985944,441.7916787599446,441.79725730000064,442.8158026600489,0.442991100018844,442.991100018844,EMOCONPILOT014,2021_Jan_13_1630,EmoCon_Pilot_120Hz,2020.2.4,119.98061120907352,
,,,,0,0,0,0,95,0,95,0,,,,,,,,,,,,,,,,,,,,,,,,,,,,,,,,,,,,,,,,,,,,,95,8.0,f,019_m_f_s_a.jpg,sad,a,3,1,442.81635669991374,443.1157813600497,443.35056409984827,443.3766227599466,443.3772799000144,443.4122703599045,443.41203699982725,445.00461015987673,None,0,443.41203699982725,445.00461015987673,445.0080111999996,446.9158143598819,,,EMOCONPILOT014,2021_Jan_13_1630,EmoCon_Pilot_120Hz,2020.2.4,119.98061120907352,
,,,,0,0,0,0,96,0,96,0,,,,,,,,,,,,,,,,,,,,,,,,,,,,,,,,,,,,,,,,,,,,,96,9.0,f,021_o_f_n_a.jpg,neutral,s,17,1,446.9173930999823,447.2159115599701,447.42485119984485,447.5958979599876,447.60041059996,447.6412775600096,447.64642030000687,448.4169713598443,s,1,447.64642030000687,448.4169713598443,448.42521989997476,449.70760685994753,0.7629110000561923,762.9110000561923,EMOCONPILOT014,2021_Jan_13_1630,EmoCon_Pilot_120Hz,2020.2.4,119.98061120907352,
,,,,0,0,0,0,97,0,97,0,,,,,,,,,,,,,,,,,,,,,,,,,,,,,,,,,,,,,,,,,,,,,97,11.0,f,030_o_f_h_a.jpg,happy,d,3,1,449.7122804999817,450.00761246003674,450.20542420004494,450.23110845985354,450.2312554998789,450.266977659869,450.26836399990134,451.16325106003785,d,1,450.26836399990134,451.16325106003785,451.16774920001626,452.5242499599466,0.8848985000513494,884.8985000513494,EMOCONPILOT014,2021_Jan_13_1630,EmoCon_Pilot_120Hz,2020.2.4,119.98061120907352,
,,,,0,0,0,0,98,0,98,0,,,,,,,,,,,,,,,,,,,,,,,,,,,,,,,,,,,,,,,,,,,,,98,12.0,f,040_y_f_n_a.jpg,neutral,s,3,1,452.5272869998589,452.8242872599279,453.0393824998755,453.06510195995213,453.068176999921,453.1082149599446,453.11339619988576,454.82421685985753,None,0,453.11339619988576,454.82421685985753,454.8279591000173,456.49120135998817,,,EMOCONPILOT014,2021_Jan_13_1630,EmoCon_Pilot_120Hz,2020.2.4,119.98061120907352,
,,,,0,0,0,0,99,0,99,0,,,,,,,,,,,,,,,,,,,,,,,,,,,,,,,,,,,,,,,,,,,,,99,12.0,f,040_y_f_s_a.jpg,sad,a,3,1,456.4967723998707,456.79122505986595,456.8171957000159,456.84009436003396,456.8408420998603,456.8755914598936,456.87538119987585,458.5057695598574,None,0,456.87538119987585,458.5057695598574,458.51086040004157,460.29949555986093,,,EMOCONPILOT014,2021_Jan_13_1630,EmoCon_Pilot_120Hz,2020.2.4,119.98061120907352,
,,,,0,0,0,0,100,0,100,0,,,,,,,,,,,,,,,,,,,,,,,,,,,,,,,,,,,,,,,,,,,,,100,4.0,m,016_y_m_n_a.jpg,neutral,s,17,1,460.3048451000359,460.5994929598877,460.8426550999284,461.0078885599272,461.0129329999909,461.0521310600219,461.055730199907,461.696582359937,s,1,461.055730199907,461.696582359937,461.7083580000326,463.2662602599943,0.6339782001450658,633.9782001450658,EMOCONPILOT014,2021_Jan_13_1630,EmoCon_Pilot_120Hz,2020.2.4,119.98061120907352,
,,,,0,0,0,0,101,0,101,0,,,,,,,,,,,,,,,,,,,,,,,,,,,,,,,,,,,,,,,,,,,,,101,11.0,f,030_o_f_s_a.jpg,sad,a,17,1,463.2700426999945,463.56622375987934,463.7631442998536,463.92593485999384,463.93052689987235,463.97148895983116,463.97681410005316,464.5153256598627,a,1,463.97681410005316,464.5153256598627,464.5269094998948,465.84125935982445,0.5285883999895304,528.5883999895304,EMOCONPILOT014,2021_Jan_13_1630,EmoCon_Pilot_120Hz,2020.2.4,119.98061120907352,
,,,,0,0,0,0,102,0,102,0,,,,,,,,,,,,,,,,,,,,,,,,,,,,,,,,,,,,,,,,,,,,,102,3.0,m,013_y_m_h_a.jpg,happy,d,17,1,465.84433089988306,466.14125635984817,466.3680559999775,466.5251197600504,466.5283315998968,466.56882686002643,466.5738446000032,467.1041564598912,d,1,466.5738446000032,467.1041564598912,467.10695489984937,468.78303405989425,0.5235043000429869,523.5043000429869,EMOCONPILOT014,2021_Jan_13_1630,EmoCon_Pilot_120Hz,2020.2.4,119.98061120907352,
,,,,0,0,0,0,103,0,103,0,,,,,,,,,,,,,,,,,,,,,,,,,,,,,,,,,,,,,,,,,,,,,103,2.0,m,008_y_m_s_a.jpg,sad,a,17,1,468.7872027999256,469.08300425994673,469.3173587999772,469.47400626002343,469.4787397000473,469.5191874599317,469.5245254000183,470.0208766599884,a,1,469.5245254000183,470.0208766599884,470.02766190003604,471.27479726003946,0.4847953000571579,484.7953000571579,EMOCONPILOT014,2021_Jan_13_1630,EmoCon_Pilot_120Hz,2020.2.4,119.98061120907352,
,,,,0,0,0,0,104,0,104,0,,,,,,,,,,,,,,,,,,,,,,,,,,,,,,,,,,,,,,,,,,,,,104,11.0,f,030_o_f_s_a.jpg,sad,a,17,1,471.2786387000233,471.57474316002333,471.77966520003974,471.9428515599342,471.9476300999522,471.98838765986727,471.99340129992925,472.71873496004844,a,1,471.99340129992925,472.71873496004844,472.72686020005494,474.6999181599589,0.7118873000144958,711.8873000144958,EMOCONPILOT014,2021_Jan_13_1630,EmoCon_Pilot_120Hz,2020.2.4,119.98061120907352,
,,,,0,0,0,0,105,0,105,0,,,,,,,,,,,,,,,,,,,,,,,,,,,,,,,,,,,,,,,,,,,,,105,4.0,m,016_y_m_h_a.jpg,happy,d,17,1,474.7056715998333,474.999809559877,475.0168204999063,475.1515236599138,475.15493649989367,475.1926047599176,475.1951108998619,475.76498326004946,d,1,475.1951108998619,475.76498326004946,475.7740878998302,476.9832837600028,0.5583232999779284,558.3232999779284,EMOCONPILOT014,2021_Jan_13_1630,EmoCon_Pilot_120Hz,2020.2.4,119.98061120907352,
,,,,0,0,0,0,106,0,106,0,,,,,,,,,,,,,,,,,,,,,,,,,,,,,,,,,,,,,,,,,,,,,106,7.0,f,012_o_f_n_a.jpg,neutral,s,17,1,476.98897289996967,477.28323095988014,477.5010710998904,477.66464325992854,477.66922449995764,477.71029636005403,477.71559859998524,478.28393866003023,s,1,477.71559859998524,478.28393866003023,478.2942619000096,479.841722159856,0.5580319000873715,558.0319000873715,EMOCONPILOT014,2021_Jan_13_1630,EmoCon_Pilot_120Hz,2020.2.4,119.98061120907352,
,,,,0,0,0,0,107,0,107,0,,,,,,,,,,,,,,,,,,,,,,,,,,,,,,,,,,,,,,,,,,,,,107,11.0,f,030_o_f_h_a.jpg,happy,d,17,1,479.8473268998787,480.1416646600468,480.33245459990576,480.4928381598787,480.4968009998556,480.5375872598728,480.541912100045,481.01909645993726,d,1,480.541912100045,481.01909645993726,481.03046979987994,482.2584300599759,0.4675610000267625,467.5610000267625,EMOCONPILOT014,2021_Jan_13_1630,EmoCon_Pilot_120Hz,2020.2.4,119.98061120907352,
,,,,0,0,0,0,108,0,108,0,,,,,,,,,,,,,,,,,,,,,,,,,,,,,,,,,,,,,,,,,,,,,108,1.0,m,004_o_m_s_a.jpg,sad,a,17,1,482.2640857999213,482.55833986003415,482.58227709983476,482.7183199599152,482.7220165999606,482.7595099599333,482.76247529988177,483.644726859848,a,1,482.76247529988177,483.644726859848,483.6494604998734,484.8583820599364,0.8708043999504298,870.8043999504298,EMOCONPILOT014,2021_Jan_13_1630,EmoCon_Pilot_120Hz,2020.2.4,119.98061120907352,
,,,,0,0,0,0,109,0,109,0,,,,,,,,,,,,,,,,,,,,,,,,,,,,,,,,,,,,,,,,,,,,,109,3.0,m,013_y_m_n_a.jpg,neutral,s,17,1,484.862598199863,485.15830905989276,485.3851971998811,485.54885385998057,485.55237179994583,485.5925187598681,485.59765379992314,486.2189701599767,s,1,485.59765379992314,486.2189701599767,486.2302494000178,487.724985860032,0.6039658999070525,603.9658999070525,EMOCONPILOT014,2021_Jan_13_1630,EmoCon_Pilot_120Hz,2020.2.4,119.98061120907352,
,,,,0,0,0,0,110,0,110,0,,,,,,,,,,,,,,,,,,,,,,,,,,,,,,,,,,,,,,,,,,,,,110,10.0,f,028_y_f_s_a.jpg,sad,a,17,1,487.7292960998602,488.02499805993864,488.0429909999948,488.1767359599238,488.17949949996546,488.2180150600383,488.22173939994536,489.04027965988496,a,1,488.22173939994536,489.04027965988496,489.0477103998419,490.72514785986857,0.8116725999861956,811.6725999861956,EMOCONPILOT014,2021_Jan_13_1630,EmoCon_Pilot_120Hz,2020.2.4,119.98061120907352,
,,,,0,0,0,0,111,0,111,0,,,,,,,,,,,,,,,,,,,,,,,,,,,,,,,,,,,,,,,,,,,,,111,11.0,f,030_o_f_h_a.jpg,happy,d,17,1,490.7293153000064,491.0251518599456,491.43750809994526,491.59068145996423,491.59086070000194,491.6271924599772,491.6270141999703,492.09928375992456,d,1,491.6270141999703,492.09928375992456,492.10617160005495,493.36692965982945,0.4624201999977231,462.4201999977231,EMOCONPILOT014,2021_Jan_13_1630,EmoCon_Pilot_120Hz,2020.2.4,119.98061120907352,
,,,,0,0,0,0,112,0,112,0,,,,,,,,,,,,,,,,,,,,,,,,,,,,,,,,,,,,,,,,,,,,,112,7.0,f,012_o_f_n_a.jpg,neutral,s,17,1,493.3708812999539,493.66686106005216,493.88252769992687,494.0540257598972,494.05752280005254,494.0987033599289,494.1035129998345,494.63207476001696,s,1,494.1035129998345,494.63207476001696,494.63829939998686,496.2503880599746,0.5218409998342395,521.8409998342395,EMOCONPILOT014,2021_Jan_13_1630,EmoCon_Pilot_120Hz,2020.2.4,119.98061120907352,
,,,,0,0,0,0,113,0,113,0,,,,,,,,,,,,,,,,,,,,,,,,,,,,,,,,,,,,,,,,,,,,,113,2.0,m,008_y_m_s_a.jpg,sad,a,17,1,496.2560618999414,496.5503463600529,496.79558150004596,496.95192806001285,496.9565574999433,496.9936422598315,496.998041999992,497.48192686003165,a,1,496.998041999992,497.48192686003165,497.48978369985707,498.76712006002197,0.4754778000060469,475.4778000060469,EMOCONPILOT014,2021_Jan_13_1630,EmoCon_Pilot_120Hz,2020.2.4,119.98061120907352,
,,,,0,0,0,0,114,0,114,0,,,,,,,,,,,,,,,,,,,,,,,,,,,,,,,,,,,,,,,,,,,,,114,11.0,f,030_o_f_h_a.jpg,happy,d,17,1,498.77248289994895,499.06701645997816,499.27008989988826,499.4376661600312,499.44106559990905,499.48140706003176,499.48656239989214,499.89981485994065,d,1,499.48656239989214,499.89981485994065,499.90797679987736,500.9670737599721,0.4028163000475615,402.8163000475615,EMOCONPILOT014,2021_Jan_13_1630,EmoCon_Pilot_120Hz,2020.2.4,119.98061120907352,
,,,,0,0,0,0,115,0,115,0,,,,,,,,,,,,,,,,,,,,,,,,,,,,,,,,,,,,,,,,,,,,,115,3.0,m,013_y_m_h_a.jpg,happy,d,17,1,500.97024089982733,501.2670815598452,501.50258970004506,501.66622425985986,501.6710689999163,501.7112736599287,501.71632639993913,502.23813985984305,d,1,501.71632639993913,502.23813985984305,502.24382360000163,503.9587261599721,0.5089755998924375,508.97559989243746,EMOCONPILOT014,2021_Jan_13_1630,EmoCon_Pilot_120Hz,2020.2.4,119.98061120907352,
,,,,0,0,0,0,116,0,116,0,,,,,,,,,,,,,,,,,,,,,,,,,,,,,,,,,,,,,,,,,,,,,116,2.0,m,008_y_m_s_a.jpg,sad,a,17,1,503.9627956999466,504.258724760008,504.4881963999942,504.6407883600099,504.6438964998815,504.68120295994447,504.68444039998576,505.2107820599107,a,1,504.68444039998576,505.2107820599107,505.21823549992405,506.45049335991496,0.5169212999753654,516.9212999753654,EMOCONPILOT014,2021_Jan_13_1630,EmoCon_Pilot_120Hz,2020.2.4,119.98061120907352,
,,,,0,0,0,0,117,0,117,0,,,,,,,,,,,,,,,,,,,,,,,,,,,,,,,,,,,,,,,,,,,,,117,3.0,m,013_y_m_n_a.jpg,neutral,s,17,1,506.45470230001956,506.75049535997675,506.97908489988185,507.13590036004314,507.1407627000008,507.1816054598661,507.1866275998764,507.7060755600454,s,1,507.1866275998764,507.7060755600454,507.7168753000442,509.3339148598956,0.5028323999140412,502.83239991404116,EMOCONPILOT014,2021_Jan_13_1630,EmoCon_Pilot_120Hz,2020.2.4,119.98061120907352,
,,,,0,0,0,0,118,0,118,0,,,,,,,,,,,,,,,,,,,,,,,,,,,,,,,,,,,,,,,,,,,,,118,6.0,m,033_o_m_n_a.jpg,neutral,s,17,1,509.3390187998302,509.6338590599829,509.8246394000016,509.9827256598277,509.98726899991743,510.0272143599344,510.03242179984227,510.5999790599802,s,1,510.03242179984227,510.5999790599802,510.611289100023,512.1671862599673,0.5531099999789149,553.1099999789149,EMOCONPILOT014,2021_Jan_13_1630,EmoCon_Pilot_120Hz,2020.2.4,119.98061120907352,
,,,,0,0,0,0,119,0,119,0,,,,,,,,,,,,,,,,,,,,,,,,,,,,,,,,,,,,,,,,,,,,,119,6.0,m,033_o_m_n_a.jpg,neutral,s,17,1,512.1700428000186,512.4673838598886,512.6724463999271,512.8298260599607,512.8327309000306,512.869782960019,512.8729134998284,513.263010960049,s,1,512.8729134998284,513.263010960049,513.2722670000512,514.6590366598451,0.37651539989747107,376.51539989747107,EMOCONPILOT014,2021_Jan_13_1630,EmoCon_Pilot_120Hz,2020.2.4,119.98061120907352,
,,,,1,0,1,0,0,0,0,0,,,,,,,,,,,,,,,,,,,,,,,,,,,,,,,,,,,,,,514.7504427998792,518.4875347600085,space,3.7230881000868976,3723.0881000868976,514.7504427998792,518.4875347600085,0,1.0,m,004_o_m_s_a.jpg,sad,a,17,2,518.4949594999198,518.7840765600325,518.8082007998601,518.9440012599574,518.9458577998448,518.9852015599375,518.9881438000593,520.5079734599916,None,0,518.9881438000593,520.5079734599916,520.5091013000347,521.9674849598435,,,EMOCONPILOT014,2021_Jan_13_1630,EmoCon_Pilot_120Hz,2020.2.4,119.98061120907352,
,,,,1,0,1,0,1,0,1,0,,,,,,,,,,,,,,,,,,,,,,,,,,,,,,,,,,,,,,,,,,,,,1,9.0,f,021_o_f_n_a.jpg,neutral,s,17,2,521.9726442999672,522.2674882600317,522.7382922999095,522.8962582598673,522.9010604999494,522.9407929598586,522.9457095998805,523.4252374600386,s,1,522.9457095998805,523.4252374600386,523.4367142999545,525.2593362598913,0.4717558999545872,471.7558999545872,EMOCONPILOT014,2021_Jan_13_1630,EmoCon_Pilot_120Hz,2020.2.4,119.98061120907352,
,,,,1,0,1,0,2,0,2,0,,,,,,,,,,,,,,,,,,,,,,,,,,,,,,,,,,,,,,,,,,,,,2,11.0,f,030_o_f_s_a.jpg,sad,a,2,2,525.2646403999534,525.5592598600546,525.7710005999543,525.7887937598629,525.7920466000214,525.8321709600044,525.8371985000558,526.8956332599977,s,0,525.8371985000558,526.8956332599977,526.9065634000581,528.0342532598646,1.0444031998049468,1044.4031998049468,EMOCONPILOT014,2021_Jan_13_1630,EmoCon_Pilot_120Hz,2020.2.4,119.98061120907352,
,,,,1,0,1,0,3,0,3,0,,,,,,,,,,,,,,,,,,,,,,,,,,,,,,,,,,,,,,,,,,,,,3,10.0,f,028_y_f_s_a.jpg,sad,a,2,2,528.0383035999257,528.3342636599904,528.3564563000109,528.3713622600538,528.3713978000451,528.4105159600498,528.4104177998379,529.9922120598843,None,0,528.4104177998379,529.9922120598843,529.9933743998408,531.084313160018,,,EMOCONPILOT014,2021_Jan_13_1630,EmoCon_Pilot_120Hz,2020.2.4,119.98061120907352,
,,,,1,0,1,0,4,0,4,0,,,,,,,,,,,,,,,,,,,,,,,,,,,,,,,,,,,,,,,,,,,,,4,6.0,m,033_o_m_n_a.jpg,neutral,s,17,2,531.0872430999298,531.3843096599215,531.5926687000319,531.7509167599259,531.7522874998394,531.7895997599466,531.791301399935,532.1379008600255,s,1,531.791301399935,532.1379008600255,532.1434458999429,534.0677401600173,0.33849800005555153,338.49800005555153,EMOCONPILOT014,2021_Jan_13_1630,EmoCon_Pilot_120Hz,2020.2.4,119.98061120907352,
,,,,1,0,1,0,5,0,5,0,,,,,,,,,,,,,,,,,,,,,,,,,,,,,,,,,,,,,,,,,,,,,5,1.0,m,004_o_m_n_a.jpg,neutral,s,17,2,534.0720023999456,534.3677416599588,534.5697375000454,534.729221659922,534.7339027000125,534.7748120599193,534.7796590998769,535.1451393598458,s,1,534.7796590998769,535.1451393598458,535.156766399974,536.5845864598872,0.3577868000138551,357.7868000138551,EMOCONPILOT014,2021_Jan_13_1630,EmoCon_Pilot_120Hz,2020.2.4,119.98061120907352,
,,,,1,0,1,0,6,0,6,0,,,,,,,,,,,,,,,,,,,,,,,,,,,,,,,,,,,,,,,,,,,,,6,12.0,f,040_y_f_s_a.jpg,sad,a,17,2,536.5899753000122,536.8844253599876,536.9101960000116,537.0444452599389,537.0476118999068,537.0856475599343,537.0892576000188,537.8342045598896,a,1,537.0892576000188,537.8342045598896,537.8434939999133,539.3595581599278,0.7282994000706822,728.2994000706822,EMOCONPILOT014,2021_Jan_13_1630,EmoCon_Pilot_120Hz,2020.2.4,119.98061120907352,
,,,,1,0,1,0,7,0,7,0,,,,,,,,,,,,,,,,,,,,,,,,,,,,,,,,,,,,,,,,,,,,,7,9.0,f,021_o_f_n_a.jpg,neutral,s,17,2,539.3655923998449,539.6595664599212,539.8841637999285,540.04726245997,540.0516518000513,540.0923945598537,540.0974550000392,540.6967494599288,s,1,540.0974550000392,540.6967494599288,540.7091381999198,541.9180322598899,0.5841022001113743,584.1022001113743,EMOCONPILOT014,2021_Jan_13_1630,EmoCon_Pilot_120Hz,2020.2.4,119.98061120907352,
,,,,1,0,1,0,8,0,8,0,,,,,,,,,,,,,,,,,,,,,,,,,,,,,,,,,,,,,,,,,,,,,8,9.0,f,021_o_f_s_a.jpg,sad,a,2,2,541.9234992000274,542.2178914600285,542.2374396999367,542.2536474598804,542.2552342999261,542.2923598598921,542.29402689985,543.9230332600185,None,0,542.29402689985,543.9230332600185,543.9278350998648,545.0763672599336,,,EMOCONPILOT014,2021_Jan_13_1630,EmoCon_Pilot_120Hz,2020.2.4,119.98061120907352,
,,,,1,0,1,0,9,0,9,0,,,,,,,,,,,,,,,,,,,,,,,,,,,,,,,,,,,,,,,,,,,,,9,4.0,m,016_y_m_s_a.jpg,sad,a,2,2,545.0802229999099,545.3763214598642,545.3996083999518,545.4145783600164,545.4149118999485,545.4524678599322,545.4520928999409,547.0519987598294,None,0,545.4520928999409,547.0519987598294,547.0569257999305,548.5263841598993,,,EMOCONPILOT014,2021_Jan_13_1630,EmoCon_Pilot_120Hz,2020.2.4,119.98061120907352,
,,,,1,0,1,0,10,0,10,0,,,,,,,,,,,,,,,,,,,,,,,,,,,,,,,,,,,,,,,,,,,,,10,7.0,f,012_o_f_n_a.jpg,neutral,s,17,2,548.5305763999932,548.8264048599871,549.1296506000217,549.293302959972,549.2969501998741,549.3368636599974,549.340808399953,549.890694459877,s,1,549.340808399953,549.890694459877,549.9020697998349,551.2514419599669,0.5327220999170095,532.7220999170095,EMOCONPILOT014,2021_Jan_13_1630,EmoCon_Pilot_120Hz,2020.2.4,119.98061120907352,
,,,,1,0,1,0,11,0,11,0,,,,,,,,,,,,,,,,,,,,,,,,,,,,,,,,,,,,,,,,,,,,,11,2.0,m,008_y_m_n_a.jpg,neutral,s,2,2,551.2556045998354,551.5515170600032,551.7955308998935,551.8125777598237,551.8127651000395,551.8489702599821,551.8505178999621,553.407557659992,None,0,551.8505178999621,553.407557659992,553.411738499999,554.9349249598803,,,EMOCONPILOT014,2021_Jan_13_1630,EmoCon_Pilot_120Hz,2020.2.4,119.98061120907352,
,,,,1,0,1,0,12,0,12,0,,,,,,,,,,,,,,,,,,,,,,,,,,,,,,,,,,,,,,,,,,,,,12,1.0,m,004_o_m_s_a.jpg,sad,a,17,2,554.9402944999747,555.2348999599693,555.2507479998749,555.3865706599084,555.3903107999358,555.4296919598477,555.433148900047,555.939321359829,a,1,555.433148900047,555.939321359829,555.9502077000216,557.9432544598588,0.496318900026381,496.318900026381,EMOCONPILOT014,2021_Jan_13_1630,EmoCon_Pilot_120Hz,2020.2.4,119.98061120907352,
,,,,1,0,1,0,13,0,13,0,,,,,,,,,,,,,,,,,,,,,,,,,,,,,,,,,,,,,,,,,,,,,13,7.0,f,012_o_f_h_a.jpg,happy,d,17,2,557.9472391000018,558.2433223598404,558.2685799999163,558.403366859979,558.4054862998892,558.4445532599697,558.4463255999144,559.2393439600477,d,1,558.4463255999144,559.2393439600477,559.2460314000491,560.7767160599818,0.7790773001033813,779.0773001033813,EMOCONPILOT014,2021_Jan_13_1630,EmoCon_Pilot_120Hz,2020.2.4,119.98061120907352,
,,,,1,0,1,0,14,0,14,0,,,,,,,,,,,,,,,,,,,,,,,,,,,,,,,,,,,,,,,,,,,,,14,3.0,m,013_y_m_h_a.jpg,happy,d,17,2,560.7804832998663,561.0766331599792,561.3233953998424,561.4793597599258,561.4841225999407,561.5249480600236,561.5298977999482,562.2102395598544,d,1,561.5298977999482,562.2102395598544,562.2136649000458,563.534946559905,0.6715609000530094,671.5609000530094,EMOCONPILOT014,2021_Jan_13_1630,EmoCon_Pilot_120Hz,2020.2.4,119.98061120907352,
,,,,1,0,1,0,15,0,15,0,,,,,,,,,,,,,,,,,,,,,,,,,,,,,,,,,,,,,,,,,,,,,15,11.0,f,030_o_f_n_a.jpg,neutral,s,2,2,563.5379160998855,563.8349343598587,564.0369903999381,564.054376059887,564.0551783000119,564.0897380599985,564.0900677999016,565.7371552600292,None,0,564.0900677999016,565.7371552600292,565.7419350999407,567.5351304600248,,,EMOCONPILOT014,2021_Jan_13_1630,EmoCon_Pilot_120Hz,2020.2.4,119.98061120907352,
,,,,1,0,1,0,16,0,16,0,,,,,,,,,,,,,,,,,,,,,,,,,,,,,,,,,,,,,,,,,,,,,16,3.0,m,013_y_m_n_a.jpg,neutral,s,17,2,567.5387490999419,567.8350914600072,568.0737808998674,568.2288617598591,568.2334338999353,568.2741983600193,568.2793850000016,568.7367033599643,s,1,568.2793850000016,568.7367033599643,568.7474048999138,570.7269711598987,0.4423274998553097,442.3274998553097,EMOCONPILOT014,2021_Jan_13_1630,EmoCon_Pilot_120Hz,2020.2.4,119.98061120907352,
,,,,1,0,1,0,17,0,17,0,,,,,,,,,,,,,,,,,,,,,,,,,,,,,,,,,,,,,,,,,,,,,17,9.0,f,021_o_f_h_a.jpg,happy,d,2,2,570.732590300031,571.0268923600437,571.2387345999014,571.2562152598751,571.2566160999704,571.2924996600253,571.2927457999904,573.0140790599165,None,0,571.2927457999904,573.0140790599165,573.0199939999729,574.2768851599889,,,EMOCONPILOT014,2021_Jan_13_1630,EmoCon_Pilot_120Hz,2020.2.4,119.98061120907352,
,,,,1,0,1,0,18,0,18,0,,,,,,,,,,,,,,,,,,,,,,,,,,,,,,,,,,,,,,,,,,,,,18,3.0,m,013_y_m_s_a.jpg,sad,a,2,2,574.2798207998276,574.5770435598446,574.5989552999381,574.6141844598809,574.6152989000548,574.6531703599961,574.6544443999883,576.2703040600521,None,0,574.6544443999883,576.2703040600521,576.2749200998805,578.1103451598668,,,EMOCONPILOT014,2021_Jan_13_1630,EmoCon_Pilot_120Hz,2020.2.4,119.98061120907352,
,,,,1,0,1,0,19,0,19,0,,,,,,,,,,,,,,,,,,,,,,,,,,,,,,,,,,,,,,,,,,,,,19,10.0,f,028_y_f_h_a.jpg,happy,d,2,2,578.1132127998862,578.4102481598733,578.4253938000184,578.4402891599806,578.4406016999856,578.4782461598282,578.4800400999375,579.4924045598367,d,1,578.4800400999375,579.4924045598367,579.5031568999402,580.7105268598301,1.0014498999807984,1001.4498999807984,EMOCONPILOT014,2021_Jan_13_1630,EmoCon_Pilot_120Hz,2020.2.4,119.98061120907352,
,,,,1,0,1,0,20,0,20,0,,,,,,,,,,,,,,,,,,,,,,,,,,,,,,,,,,,,,,,,,,,,,20,4.0,m,016_y_m_h_a.jpg,happy,d,17,2,580.7160773999058,581.010446859966,581.0346260999795,581.1703340599546,581.1732403999195,581.2116805598838,581.2145398999564,581.6422210598597,d,1,581.2145398999564,581.6422210598597,581.6469723000191,583.0104403600329,0.41879260004498065,418.79260004498065,EMOCONPILOT014,2021_Jan_13_1630,EmoCon_Pilot_120Hz,2020.2.4,119.98061120907352,
,,,,1,0,1,0,21,0,21,0,,,,,,,,,,,,,,,,,,,,,,,,,,,,,,,,,,,,,,,,,,,,,21,6.0,m,033_o_m_h_a.jpg,happy,d,17,2,583.0147714000195,583.3104516600491,583.3330423999578,583.4707607598742,583.4753680999856,583.5157660599565,583.5210257999133,583.8967480598716,d,1,583.5210257999133,583.8967480598716,583.9083277999889,585.2606424598256,0.36848510010167956,368.48510010167956,EMOCONPILOT014,2021_Jan_13_1630,EmoCon_Pilot_120Hz,2020.2.4,119.98061120907352,
,,,,1,0,1,0,22,0,22,0,,,,,,,,,,,,,,,,,,,,,,,,,,,,,,,,,,,,,,,,,,,,,22,5.0,m,027_o_m_s_a.jpg,sad,a,17,2,585.2659155998845,585.5605252599111,585.5757985999808,585.7121560598956,585.715027499944,585.7533647599397,585.7568902999628,586.7544698598562,a,1,585.7568902999628,586.7544698598562,586.7643873998895,588.7189112598775,0.9807959999889135,980.7959999889135,EMOCONPILOT014,2021_Jan_13_1630,EmoCon_Pilot_120Hz,2020.2.4,119.98061120907352,
,,,,1,0,1,0,23,0,23,0,,,,,,,,,,,,,,,,,,,,,,,,,,,,,,,,,,,,,,,,,,,,,23,10.0,f,028_y_f_n_a.jpg,neutral,s,2,2,588.7230759998783,589.018906259886,589.2303283000365,589.2471669600112,589.2486902999226,589.2883879600325,589.2923602999654,590.7034404598875,s,1,589.2923602999654,590.7034404598875,590.7085191998631,591.7355457599973,1.397053400054574,1397.053400054574,EMOCONPILOT014,2021_Jan_13_1630,EmoCon_Pilot_120Hz,2020.2.4,119.98061120907352,
,,,,1,0,1,0,24,0,24,0,,,,,,,,,,,,,,,,,,,,,,,,,,,,,,,,,,,,,,,,,,,,,24,9.0,f,021_o_f_n_a.jpg,neutral,s,2,2,591.7370821000077,592.0356141598662,592.2456572998781,592.2633463600417,592.2641497000586,592.2989206600236,592.2988919999916,593.8778300599428,None,0,592.2988919999916,593.8778300599428,593.8797491998412,595.2857092600083,,,EMOCONPILOT014,2021_Jan_13_1630,EmoCon_Pilot_120Hz,2020.2.4,119.98061120907352,
,,,,1,0,1,0,25,0,25,0,,,,,,,,,,,,,,,,,,,,,,,,,,,,,,,,,,,,,,,,,,,,,25,8.0,f,019_m_f_h_a.jpg,happy,d,17,2,595.2898424000014,595.5857183600077,595.6075939999428,595.7456630598521,595.7488706000149,595.7869363599224,595.7904825999867,596.2165011600358,d,1,595.7904825999867,596.2165011600358,596.2275651998352,597.5024632599437,0.41926760016940534,419.26760016940534,EMOCONPILOT014,2021_Jan_13_1630,EmoCon_Pilot_120Hz,2020.2.4,119.98061120907352,
,,,,1,0,1,0,26,0,26,0,,,,,,,,,,,,,,,,,,,,,,,,,,,,,,,,,,,,,,,,,,,,,26,4.0,m,016_y_m_n_a.jpg,neutral,s,2,2,597.5079344999976,597.8024682600284,598.054482099833,598.0713050600374,598.0714904000051,598.1060695599066,598.105827299878,599.722190459934,None,0,598.105827299878,599.722190459934,599.7263201000169,601.360924259969,,,EMOCONPILOT014,2021_Jan_13_1630,EmoCon_Pilot_120Hz,2020.2.4,119.98061120907352,
,,,,1,0,1,0,27,0,27,0,,,,,,,,,,,,,,,,,,,,,,,,,,,,,,,,,,,,,,,,,,,,,27,1.0,m,004_o_m_h_a.jpg,happy,d,2,2,601.3670824000146,601.6608887598617,601.8705420000479,601.8882328599924,601.8883153998759,601.9226315598702,601.922955499962,603.5825359599897,None,0,601.922955499962,603.5825359599897,603.5872967999894,604.6359589600237,,,EMOCONPILOT014,2021_Jan_13_1630,EmoCon_Pilot_120Hz,2020.2.4,119.98061120907352,
,,,,1,0,1,0,28,0,28,0,,,,,,,,,,,,,,,,,,,,,,,,,,,,,,,,,,,,,,,,,,,,,28,10.0,f,028_y_f_s_a.jpg,sad,a,2,2,604.6399154998362,604.9358456600224,604.9559528999962,604.9714158598566,604.9732214999385,605.0093657599995,605.0099438999314,606.59762325997,None,0,605.0099438999314,606.59762325997,606.601537700044,608.3776370598702,,,EMOCONPILOT014,2021_Jan_13_1630,EmoCon_Pilot_120Hz,2020.2.4,119.98061120907352,
,,,,1,0,1,0,29,0,29,0,,,,,,,,,,,,,,,,,,,,,,,,,,,,,,,,,,,,,,,,,,,,,29,5.0,m,027_o_m_h_a.jpg,happy,d,17,2,608.3816473998595,608.6776402599411,608.919850199949,609.0812353598652,609.084862699965,609.12298975999,609.1261444999836,609.5382006598869,d,1,609.1261444999836,609.5382006598869,609.5473396000452,611.3360944599611,0.39551510009914637,395.51510009914637,EMOCONPILOT014,2021_Jan_13_1630,EmoCon_Pilot_120Hz,2020.2.4,119.98061120907352,
,,,,1,0,1,0,30,0,30,0,,,,,,,,,,,,,,,,,,,,,,,,,,,,,,,,,,,,,,,,,,,,,30,10.0,f,028_y_f_h_a.jpg,happy,d,2,2,611.3415979999118,611.6360949598951,611.6515446000267,611.6672623599646,611.6674500999507,611.7039493599208,611.7040007000323,612.435622559837,d,1,611.7040007000323,612.435622559837,612.4435264000203,614.1361911599291,0.7215240998193622,721.5240998193622,EMOCONPILOT014,2021_Jan_13_1630,EmoCon_Pilot_120Hz,2020.2.4,119.98061120907352,
,,,,1,0,1,0,31,0,31,0,,,,,,,,,,,,,,,,,,,,,,,,,,,,,,,,,,,,,,,,,,,,,31,5.0,m,027_o_m_h_a.jpg,happy,d,17,2,614.1400435999967,614.4361909599742,614.6545361999888,614.816770959855,614.8216335999314,614.8627412598347,614.8676250998396,615.2892066598637,d,1,614.8676250998396,615.2892066598637,615.2973266998306,616.8278886598767,0.4059074998367578,405.9074998367578,EMOCONPILOT014,2021_Jan_13_1630,EmoCon_Pilot_120Hz,2020.2.4,119.98061120907352,
,,,,1,0,1,0,32,0,32,0,,,,,,,,,,,,,,,,,,,,,,,,,,,,,,,,,,,,,,,,,,,,,32,9.0,f,021_o_f_n_a.jpg,neutral,s,17,2,616.8326279998291,617.127841959917,617.3388248998672,617.4991521599935,617.5036158999428,617.5446652599843,617.5496119000018,618.1380822600098,s,1,617.5496119000018,618.1380822600098,618.1454380999785,619.9696874599671,0.5800419999286532,580.0419999286532,EMOCONPILOT014,2021_Jan_13_1630,EmoCon_Pilot_120Hz,2020.2.4,119.98061120907352,
,,,,1,0,1,0,33,0,33,0,,,,,,,,,,,,,,,,,,,,,,,,,,,,,,,,,,,,,,,,,,,,,33,3.0,m,013_y_m_s_a.jpg,sad,a,2,2,619.9740799998399,620.2695812599035,620.2946351000573,620.3098287598463,620.3098871998955,620.3456284599146,620.3469481999055,621.9673696600133,None,0,620.3469481999055,621.9673696600133,621.9758069999516,623.7029657598817,,,EMOCONPILOT014,2021_Jan_13_1630,EmoCon_Pilot_120Hz,2020.2.4,119.98061120907352,
,,,,1,0,1,0,34,0,34,0,,,,,,,,,,,,,,,,,,,,,,,,,,,,,,,,,,,,,,,,,,,,,34,1.0,m,004_o_m_n_a.jpg,neutral,s,2,2,623.7059972998686,624.0030787598574,624.1978569000494,624.2153267599409,624.2162333000451,624.2540715599665,624.2541840998456,625.4240621600533,s,1,624.2541840998456,625.4240621600533,625.4315318998415,626.4780266599031,1.1633578999899328,1163.3578999899328,EMOCONPILOT014,2021_Jan_13_1630,EmoCon_Pilot_120Hz,2020.2.4,119.98061120907352,
,,,,1,0,1,0,35,0,35,0,,,,,,,,,,,,,,,,,,,,,,,,,,,,,,,,,,,,,,,,,,,,,35,12.0,f,040_y_f_h_a.jpg,happy,d,17,2,626.4820979998913,626.7780932599911,626.8023414998315,626.9380663600517,626.941845000023,626.9793404598953,626.9835528999101,627.4604181600502,d,1,626.9835528999101,627.4604181600502,627.4711535000242,628.7780753599712,0.466090900124982,466.090900124982,EMOCONPILOT014,2021_Jan_13_1630,EmoCon_Pilot_120Hz,2020.2.4,119.98061120907352,
,,,,1,0,1,0,36,0,36,0,,,,,,,,,,,,,,,,,,,,,,,,,,,,,,,,,,,,,,,,,,,,,36,10.0,f,028_y_f_n_a.jpg,neutral,s,17,2,628.7820971000474,629.0781692599179,629.2857425999828,629.4438404598972,629.4486747998744,629.4887937600491,629.4937401998322,630.0729045599932,s,1,629.4937401998322,630.0729045599932,630.0847171999048,631.8532402598997,0.5720746999140829,572.0746999140829,EMOCONPILOT014,2021_Jan_13_1630,EmoCon_Pilot_120Hz,2020.2.4,119.98061120907352,
,,,,1,0,1,0,37,0,37,0,,,,,,,,,,,,,,,,,,,,,,,,,,,,,,,,,,,,,,,,,,,,,37,11.0,f,030_o_f_n_a.jpg,neutral,s,2,2,631.8595648999326,632.1531970598502,632.3450970000122,632.3624219598481,632.3628750999924,632.3981915600365,632.3981053000316,634.0163289599353,None,0,632.3981053000316,634.0163289599353,634.0211189000402,635.5699577599065,,,EMOCONPILOT014,2021_Jan_13_1630,EmoCon_Pilot_120Hz,2020.2.4,119.98061120907352,
,,,,1,0,1,0,38,0,38,0,,,,,,,,,,,,,,,,,,,,,,,,,,,,,,,,,,,,,,,,,,,,,38,1.0,m,004_o_m_h_a.jpg,happy,d,2,2,635.574090299895,635.869909259933,636.0606017999817,636.0768385599134,636.0772138999309,636.1127644600114,636.1126180998981,636.870852760016,d,1,636.1126180998981,636.870852760016,636.8760824999772,638.2283274598652,0.7451433001551777,745.1433001551777,EMOCONPILOT014,2021_Jan_13_1630,EmoCon_Pilot_120Hz,2020.2.4,119.98061120907352,
,,,,1,0,1,0,39,0,39,0,,,,,,,,,,,,,,,,,,,,,,,,,,,,,,,,,,,,,,,,,,,,,39,6.0,m,033_o_m_h_a.jpg,happy,d,17,2,638.2323682999704,638.5283052599756,638.5510507000145,638.688369459915,638.6916779000312,638.7299658600008,638.7333178999834,639.1289091598941,d,1,638.7333178999834,639.1289091598941,639.1391546998639,641.1200638599461,0.38041520002298057,380.41520002298057,EMOCONPILOT014,2021_Jan_13_1630,EmoCon_Pilot_120Hz,2020.2.4,119.98061120907352,
,,,,1,0,1,0,40,0,40,0,,,,,,,,,,,,,,,,,,,,,,,,,,,,,,,,,,,,,,,,,,,,,40,7.0,f,012_o_f_h_a.jpg,happy,d,2,2,641.1241746000014,641.4200167599832,641.443442999851,641.4585537598235,641.4597463998944,641.4962314599892,641.4976498000324,641.555538659892,d,1,641.4976498000324,641.555538659892,641.5602315999568,643.386744559952,0.047798499930649996,47.798499930649996,EMOCONPILOT014,2021_Jan_13_1630,EmoCon_Pilot_120Hz,2020.2.4,119.98061120907352,
,,,,1,0,1,0,41,0,41,0,,,,,,,,,,,,,,,,,,,,,,,,,,,,,,,,,,,,,,,,,,,,,41,6.0,m,033_o_m_n_a.jpg,neutral,s,2,2,643.389560499927,643.6866625598399,644.0183461999986,644.0352987600257,644.0392006000038,644.0808523599757,644.0862153000198,644.9300408598268,d,0,644.0862153000198,644.9300408598268,644.9382321999874,646.1117151600541,0.8273877000901848,827.3877000901848,EMOCONPILOT014,2021_Jan_13_1630,EmoCon_Pilot_120Hz,2020.2.4,119.98061120907352,
,,,,1,0,1,0,42,0,42,0,,,,,,,,,,,,,,,,,,,,,,,,,,,,,,,,,,,,,,,,,,,,,42,7.0,f,012_o_f_h_a.jpg,happy,d,17,2,646.1134396998677,646.4118223599856,646.4360227999277,646.571857159934,646.5751390999649,646.6130877600284,646.6164341999684,647.1049110600492,d,1,646.6164341999684,647.1049110600492,647.1113038999029,649.0035269600106,0.47307099984027445,473.07099984027445,EMOCONPILOT014,2021_Jan_13_1630,EmoCon_Pilot_120Hz,2020.2.4,119.98061120907352,
,,,,1,0,1,0,43,0,43,0,,,,,,,,,,,,,,,,,,,,,,,,,,,,,,,,,,,,,,,,,,,,,43,5.0,m,027_o_m_h_a.jpg,happy,d,17,2,649.0088934998494,649.3035489599919,649.5208374999929,649.6818693598965,649.6848780999426,649.7220303599955,649.7265245998278,650.2813114600489,d,1,649.7265245998278,650.2813114600489,650.2926967998501,652.1620136599289,0.5471801999956369,547.1801999956369,EMOCONPILOT014,2021_Jan_13_1630,EmoCon_Pilot_120Hz,2020.2.4,119.98061120907352,
,,,,1,0,1,0,44,0,44,0,,,,,,,,,,,,,,,,,,,,,,,,,,,,,,,,,,,,,,,,,,,,,44,10.0,f,028_y_f_s_a.jpg,sad,a,2,2,652.1680393000133,652.4620703598251,652.4914792999625,652.5067546600243,652.5085660000332,652.546418159944,652.5474491999485,653.1888962599681,d,0,652.5474491999485,653.1888962599681,653.1952341999859,654.8536463598488,0.6300831001717597,630.0831001717597,EMOCONPILOT014,2021_Jan_13_1630,EmoCon_Pilot_120Hz,2020.2.4,119.98061120907352,
,,,,1,0,1,0,45,0,45,0,,,,,,,,,,,,,,,,,,,,,,,,,,,,,,,,,,,,,,,,,,,,,45,7.0,f,012_o_f_n_a.jpg,neutral,s,2,2,654.8586797998287,655.1536665600491,655.3782583000138,655.3962287599919,655.4001456999686,655.4410135599086,655.4459776000585,657.2199549600249,None,0,655.4459776000585,657.2199549600249,657.219788499875,658.4037369598867,,,EMOCONPILOT014,2021_Jan_13_1630,EmoCon_Pilot_120Hz,2020.2.4,119.98061120907352,
,,,,1,0,1,0,46,0,46,0,,,,,,,,,,,,,,,,,,,,,,,,,,,,,,,,,,,,,,,,,,,,,46,1.0,m,004_o_m_n_a.jpg,neutral,s,17,2,658.4067249000072,658.7036946599604,658.8984399000183,659.0562914600363,659.0607200998347,659.1013673599576,659.1063862999436,659.6954029600369,s,1,659.1063862999436,659.6954029600369,659.7040548999794,661.6788755599176,0.5751790998037905,575.1790998037905,EMOCONPILOT014,2021_Jan_13_1630,EmoCon_Pilot_120Hz,2020.2.4,119.98061120907352,
,,,,1,0,1,0,47,0,47,0,,,,,,,,,,,,,,,,,,,,,,,,,,,,,,,,,,,,,,,,,,,,,47,9.0,f,021_o_f_h_a.jpg,happy,d,2,2,661.6841561000329,661.9788943598745,662.1936860999558,662.2107075599255,662.2110088998452,662.2466059599304,662.2467914000154,663.099833159917,d,1,662.2467914000154,663.099833159917,663.1061982000247,664.237198659894,0.8426829997915775,842.6829997915775,EMOCONPILOT014,2021_Jan_13_1630,EmoCon_Pilot_120Hz,2020.2.4,119.98061120907352,
,,,,1,0,1,0,48,0,48,0,,,,,,,,,,,,,,,,,,,,,,,,,,,,,,,,,,,,,,,,,,,,,48,10.0,f,028_y_f_n_a.jpg,neutral,s,17,2,664.2426577999722,664.5371843599481,664.7305884999223,664.896518859989,664.9011347999331,664.9420657600043,664.9474777998403,665.4486061599804,s,1,664.9474777998403,665.4486061599804,665.4533945999574,667.3706118599279,0.4940043000970036,494.0043000970036,EMOCONPILOT014,2021_Jan_13_1630,EmoCon_Pilot_120Hz,2020.2.4,119.98061120907352,
,,,,1,0,1,0,49,0,49,0,,,,,,,,,,,,,,,,,,,,,,,,,,,,,,,,,,,,,,,,,,,,,49,7.0,f,012_o_f_h_a.jpg,happy,d,2,2,667.3760297999252,667.6706337600248,667.6875607999973,667.7028424599906,667.7037698999047,667.7384446598356,667.7402379999403,668.6861514600226,d,1,667.7402379999403,668.6861514600226,668.6949654999189,670.1040457598632,0.9337160000577569,933.7160000577569,EMOCONPILOT014,2021_Jan_13_1630,EmoCon_Pilot_120Hz,2020.2.4,119.98061120907352,
,,,,1,0,1,0,50,0,50,0,,,,,,,,,,,,,,,,,,,,,,,,,,,,,,,,,,,,,,,,,,,,,50,5.0,m,027_o_m_h_a.jpg,happy,d,2,2,670.1098408000544,670.4040730600012,670.624547299929,670.6415957598714,670.6451558999252,670.6832871599821,670.6867174999788,671.2546738600125,d,1,670.6867174999788,671.2546738600125,671.2613625000231,672.9124160599662,0.5549291002098471,554.9291002098471,EMOCONPILOT014,2021_Jan_13_1630,EmoCon_Pilot_120Hz,2020.2.4,119.98061120907352,
,,,,1,0,1,0,51,0,51,0,,,,,,,,,,,,,,,,,,,,,,,,,,,,,,,,,,,,,,,,,,,,,51,12.0,f,040_y_f_n_a.jpg,neutral,s,17,2,672.917811299907,673.212366159982,673.4361880000215,673.5940769598586,673.598707200028,673.6398154599359,673.644831399899,674.0415007599862,s,1,673.644831399899,674.0415007599862,674.0533886998892,675.9374307598686,0.38085480011068285,380.85480011068285,EMOCONPILOT014,2021_Jan_13_1630,EmoCon_Pilot_120Hz,2020.2.4,119.98061120907352,
,,,,1,0,1,0,52,0,52,0,,,,,,,,,,,,,,,,,,,,,,,,,,,,,,,,,,,,,,,,,,,,,52,2.0,m,008_y_m_h_a.jpg,happy,d,17,2,675.941547599854,676.2374506599502,676.2616618999746,676.3973674599314,676.4003671999089,676.4386511598481,676.4415072998963,677.3323168598348,d,1,676.4415072998963,677.3323168598348,677.3423776000272,679.154222159856,0.8800822000484914,880.0822000484914,EMOCONPILOT014,2021_Jan_13_1630,EmoCon_Pilot_120Hz,2020.2.4,119.98061120907352,
,,,,1,0,1,0,53,0,53,0,,,,,,,,,,,,,,,,,,,,,,,,,,,,,,,,,,,,,,,,,,,,,53,6.0,m,033_o_m_h_a.jpg,happy,d,17,2,679.159338099882,679.454316260037,679.4764214998577,679.6141935598338,679.6159532999154,679.6554172599921,679.6571545000188,680.0274346598657,d,1,679.6571545000188,680.0274346598657,680.0338011998683,681.304226859915,0.360459899995476,360.459899995476,EMOCONPILOT014,2021_Jan_13_1630,EmoCon_Pilot_120Hz,2020.2.4,119.98061120907352,
,,,,1,0,1,0,54,0,54,0,,,,,,,,,,,,,,,,,,,,,,,,,,,,,,,,,,,,,,,,,,,,,54,2.0,m,008_y_m_h_a.jpg,happy,d,17,2,681.3083748000208,681.6042802599026,681.6284508998506,681.7641974598868,681.7660826998763,681.8055460599484,681.8072180999443,682.1770860599121,d,1,681.8072180999443,682.1770860599121,682.1843387999106,683.5042706599692,0.3623605000320822,362.3605000320822,EMOCONPILOT014,2021_Jan_13_1630,EmoCon_Pilot_120Hz,2020.2.4,119.98061120907352,
,,,,1,0,1,0,55,0,55,0,,,,,,,,,,,,,,,,,,,,,,,,,,,,,,,,,,,,,,,,,,,,,55,12.0,f,040_y_f_h_a.jpg,happy,d,2,2,683.5047826999798,683.8042302599409,683.8240876998752,683.8397715599043,683.8395789999049,683.8759978599613,683.8764205998741,684.348992360034,d,1,683.8764205998741,684.348992360034,684.3575561000034,685.6293122600531,0.46117929997853935,461.17929997853935,EMOCONPILOT014,2021_Jan_13_1630,EmoCon_Pilot_120Hz,2020.2.4,119.98061120907352,
,,,,1,0,1,0,56,0,56,0,,,,,,,,,,,,,,,,,,,,,,,,,,,,,,,,,,,,,,,,,,,,,56,10.0,f,028_y_f_n_a.jpg,neutral,s,2,2,685.6333343000151,685.9293064598227,686.1325870999135,686.1496004599379,686.149952699896,686.1850835599238,686.1846864998806,687.8049897600198,None,0,686.1846864998806,687.8049897600198,687.808853500057,689.7711093600141,,,EMOCONPILOT014,2021_Jan_13_1630,EmoCon_Pilot_120Hz,2020.2.4,119.98061120907352,
,,,,1,0,1,0,57,0,57,0,,,,,,,,,,,,,,,,,,,,,,,,,,,,,,,,,,,,,,,,,,,,,57,12.0,f,040_y_f_s_a.jpg,sad,a,2,2,689.7740501998924,690.0711158599937,690.0928864998277,690.1083343599224,690.1090289999265,690.14724365992,690.1488200000022,691.9011926599545,None,0,690.1488200000022,691.9011926599545,691.908602999989,693.454514360032,,,EMOCONPILOT014,2021_Jan_13_1630,EmoCon_Pilot_120Hz,2020.2.4,119.98061120907352,
,,,,1,0,1,0,58,0,58,0,,,,,,,,,,,,,,,,,,,,,,,,,,,,,,,,,,,,,,,,,,,,,58,5.0,m,027_o_m_n_a.jpg,neutral,s,2,2,693.4585925999563,693.7545762599678,693.9618376998696,693.9789056598441,693.979459800059,694.0145458599785,694.014083399903,695.6179311598884,None,0,694.014083399903,695.6179311598884,695.6220827000216,696.696215559938,,,EMOCONPILOT014,2021_Jan_13_1630,EmoCon_Pilot_120Hz,2020.2.4,119.98061120907352,
,,,,1,0,1,0,59,0,59,0,,,,,,,,,,,,,,,,,,,,,,,,,,,,,,,,,,,,,,,,,,,,,59,4.0,m,016_y_m_s_a.jpg,sad,a,2,2,696.7001989998389,696.9962114598369,697.019190599909,697.0345254598418,697.0352555999998,697.0724179600132,697.0724076998886,698.6906985598383,None,0,697.0724076998886,698.6906985598383,698.6947514000349,700.062995059858,,,EMOCONPILOT014,2021_Jan_13_1630,EmoCon_Pilot_120Hz,2020.2.4,119.98061120907352,
,,,,1,0,1,0,60,0,60,0,,,,,,,,,,,,,,,,,,,,,,,,,,,,,,,,,,,,,,,,,,,,,60,5.0,m,027_o_m_n_a.jpg,neutral,s,2,2,700.0690790000372,700.3630894599249,700.583280300023,700.6004287600284,700.600430799881,700.6373530600453,700.6371601000428,702.2745234600501,None,0,700.6371601000428,702.2745234600501,702.279489699984,703.6047204599948,,,EMOCONPILOT014,2021_Jan_13_1630,EmoCon_Pilot_120Hz,2020.2.4,119.98061120907352,
,,,,1,0,1,0,61,0,61,0,,,,,,,,,,,,,,,,,,,,,,,,,,,,,,,,,,,,,,,,,,,,,61,10.0,f,028_y_f_s_a.jpg,sad,a,17,2,703.6100794000085,703.9046808599727,703.9184642999899,704.0564536598744,704.0600210998673,704.0976466599153,704.1008007999044,704.8654266600264,a,1,704.1008007999044,704.8654266600264,704.8746602998581,705.9798490600427,0.7567187999375165,756.7187999375165,EMOCONPILOT014,2021_Jan_13_1630,EmoCon_Pilot_120Hz,2020.2.4,119.98061120907352,
,,,,1,0,1,0,62,0,62,0,,,,,,,,,,,,,,,,,,,,,,,,,,,,,,,,,,,,,,,,,,,,,62,3.0,m,013_y_m_n_a.jpg,neutral,s,17,2,705.9841632000171,706.2797611600021,706.5271385998931,706.6907069599023,706.6954534999095,706.7363417600048,706.7411017999984,707.1997818599688,s,1,706.7411017999984,707.1997818599688,707.212413799949,708.9547966599697,0.44463269994594157,444.63269994594157,EMOCONPILOT014,2021_Jan_13_1630,EmoCon_Pilot_120Hz,2020.2.4,119.98061120907352,
,,,,1,0,1,0,63,0,63,0,,,,,,,,,,,,,,,,,,,,,,,,,,,,,,,,,,,,,,,,,,,,,63,4.0,m,016_y_m_s_a.jpg,sad,a,17,2,708.9581762000453,709.2548954598373,709.2772741999943,709.4147764600115,709.4178788999561,709.4569740600185,709.4604944998864,710.1398115600226,a,1,709.4604944998864,710.1398115600226,710.1505221000407,711.5631616599625,0.669143000151962,669.143000151962,EMOCONPILOT014,2021_Jan_13_1630,EmoCon_Pilot_120Hz,2020.2.4,119.98061120907352,
,,,,1,0,1,0,64,0,64,0,,,,,,,,,,,,,,,,,,,,,,,,,,,,,,,,,,,,,,,,,,,,,64,12.0,f,040_y_f_h_a.jpg,happy,d,17,2,711.5662050000392,711.8631103599677,711.8852249998599,712.0231311600422,712.0260373000056,712.0643931599101,712.067922399845,712.4974995599827,d,1,712.067922399845,712.4974995599827,712.5073573999107,714.2549489598954,0.42182360007427633,421.8236000742763,EMOCONPILOT014,2021_Jan_13_1630,EmoCon_Pilot_120Hz,2020.2.4,119.98061120907352,
,,,,1,0,1,0,65,0,65,0,,,,,,,,,,,,,,,,,,,,,,,,,,,,,,,,,,,,,,,,,,,,,65,5.0,m,027_o_m_n_a.jpg,neutral,s,17,2,714.2604284000117,714.5549785599345,714.7740167998709,714.9321226598462,714.935696200002,714.9748091599671,714.9793552998453,715.4882747598225,s,1,714.9793552998453,715.4882747598225,715.4995252999943,716.9467637599213,0.4942556999158114,494.2556999158114,EMOCONPILOT014,2021_Jan_13_1630,EmoCon_Pilot_120Hz,2020.2.4,119.98061120907352,
,,,,1,0,1,0,66,0,66,0,,,,,,,,,,,,,,,,,,,,,,,,,,,,,,,,,,,,,,,,,,,,,66,6.0,m,033_o_m_s_a.jpg,sad,a,2,2,716.9524431000464,717.246723359893,717.2718511999119,717.286964860023,717.2886562000494,717.325716659869,717.3264285998885,719.0812945598503,None,0,717.3264285998885,719.0812945598503,719.0826796998736,721.0134274598444,,,EMOCONPILOT014,2021_Jan_13_1630,EmoCon_Pilot_120Hz,2020.2.4,119.98061120907352,
,,,,1,0,1,0,67,0,67,0,,,,,,,,,,,,,,,,,,,,,,,,,,,,,,,,,,,,,,,,,,,,,67,6.0,m,033_o_m_h_a.jpg,happy,d,2,2,721.016748999944,721.3134234598605,721.3335154999513,721.3488754599588,721.3494820999913,721.3856115599395,721.3852806999348,722.9600511600496,None,0,721.3852806999348,722.9600511600496,722.9649723998737,724.6717170600081,,,EMOCONPILOT014,2021_Jan_13_1630,EmoCon_Pilot_120Hz,2020.2.4,119.98061120907352,
,,,,1,0,1,0,68,0,68,0,,,,,,,,,,,,,,,,,,,,,,,,,,,,,,,,,,,,,,,,,,,,,68,2.0,m,008_y_m_s_a.jpg,sad,a,17,2,724.6742199000437,724.9717245599953,725.2170690000057,725.3747612598585,725.3785703999456,725.4192484598374,725.4244194999337,725.8818122599972,a,1,725.4244194999337,725.8818122599972,725.8921686999965,727.3885724600171,0.44150789990089834,441.50789990089834,EMOCONPILOT014,2021_Jan_13_1630,EmoCon_Pilot_120Hz,2020.2.4,119.98061120907352,
,,,,1,0,1,0,69,0,69,0,,,,,,,,,,,,,,,,,,,,,,,,,,,,,,,,,,,,,,,,,,,,,69,1.0,m,004_o_m_n_a.jpg,neutral,s,2,2,727.393230299931,727.6885139599675,727.8842698999215,727.901876460039,727.9022901998833,727.9397397599881,727.9394268000033,729.6283290600171,None,0,727.9394268000033,729.6283290600171,729.6359307998791,731.547020859993,,,EMOCONPILOT014,2021_Jan_13_1630,EmoCon_Pilot_120Hz,2020.2.4,119.98061120907352,
,,,,1,0,1,0,70,0,70,0,,,,,,,,,,,,,,,,,,,,,,,,,,,,,,,,,,,,,,,,,,,,,70,2.0,m,008_y_m_s_a.jpg,sad,a,2,2,731.5528605999425,731.8469677599845,732.0802056998946,732.0968499600189,732.0970991000067,732.132128959964,732.1318051000126,733.7960365598323,None,0,732.1318051000126,733.7960365598323,733.8017255000304,735.4971612598514,,,EMOCONPILOT014,2021_Jan_13_1630,EmoCon_Pilot_120Hz,2020.2.4,119.98061120907352,
,,,,1,0,1,0,71,0,71,0,,,,,,,,,,,,,,,,,,,,,,,,,,,,,,,,,,,,,,,,,,,,,71,11.0,f,030_o_f_n_a.jpg,neutral,s,2,2,735.5025930998381,735.7970881599234,735.9890574999154,736.0062516599195,736.0070789998863,736.043687659991,736.0439911000431,737.6369080599164,None,0,736.0439911000431,737.6369080599164,737.6414912999608,739.613810059824,,,EMOCONPILOT014,2021_Jan_13_1630,EmoCon_Pilot_120Hz,2020.2.4,119.98061120907352,
,,,,1,0,1,0,72,0,72,0,,,,,,,,,,,,,,,,,,,,,,,,,,,,,,,,,,,,,,,,,,,,,72,11.0,f,030_o_f_n_a.jpg,neutral,s,2,2,739.6180507000536,739.9138016600394,740.1157343999948,740.1333910599118,740.1340707999188,740.1693251598393,740.1695316999685,741.7533241598634,None,0,740.1695316999685,741.7533241598634,741.7589904998895,743.1138405599398,,,EMOCONPILOT014,2021_Jan_13_1630,EmoCon_Pilot_120Hz,2020.2.4,119.98061120907352,
,,,,1,0,1,0,73,0,73,0,,,,,,,,,,,,,,,,,,,,,,,,,,,,,,,,,,,,,,,,,,,,,73,2.0,m,008_y_m_s_a.jpg,sad,a,17,2,743.117911499925,743.4138309599133,743.6429254000541,743.802310459991,743.8071010999847,743.8480662598507,743.8522216998972,744.3607442599954,a,1,743.8522216998972,744.3607442599954,744.3720541000366,745.9140696599846,0.49338590004481375,493.38590004481375,EMOCONPILOT014,2021_Jan_13_1630,EmoCon_Pilot_120Hz,2020.2.4,119.98061120907352,
,,,,1,0,1,0,74,0,74,0,,,,,,,,,,,,,,,,,,,,,,,,,,,,,,,,,,,,,,,,,,,,,74,11.0,f,030_o_f_n_a.jpg,neutral,s,17,2,745.9195274000522,746.2140417599352,746.4120308998972,746.5732021599309,746.57796769985,746.6188120599603,746.6241337000392,748.4502682599472,None,0,746.6241337000392,748.4502682599472,748.4571572998539,749.9723495598649,,,EMOCONPILOT014,2021_Jan_13_1630,EmoCon_Pilot_120Hz,2020.2.4,119.98061120907352,
,,,,1,0,1,0,75,0,75,0,,,,,,,,,,,,,,,,,,,,,,,,,,,,,,,,,,,,,,,,,,,,,75,1.0,m,004_o_m_s_a.jpg,sad,a,2,2,749.9766167998314,750.2723516600439,750.2981308000162,750.3136214599712,750.3143726999406,750.3488900598371,750.3484083998483,751.9445954598253,None,0,750.3484083998483,751.9445954598253,751.9496498999652,753.205672360002,,,EMOCONPILOT014,2021_Jan_13_1630,EmoCon_Pilot_120Hz,2020.2.4,119.98061120907352,
,,,,1,0,1,0,76,0,76,0,,,,,,,,,,,,,,,,,,,,,,,,,,,,,,,,,,,,,,,,,,,,,76,3.0,m,013_y_m_n_a.jpg,neutral,s,2,2,753.2083785999566,753.5056784599786,753.7503666998819,753.7677251598565,753.7683612999972,753.8031218598829,753.8028088998981,755.4590862600365,None,0,753.8028088998981,755.4590862600365,755.4646900000516,756.5309457599418,,,EMOCONPILOT014,2021_Jan_13_1630,EmoCon_Pilot_120Hz,2020.2.4,119.98061120907352,
,,,,1,0,1,0,77,0,77,0,,,,,,,,,,,,,,,,,,,,,,,,,,,,,,,,,,,,,,,,,,,,,77,7.0,f,012_o_f_s_a.jpg,sad,a,2,2,756.5364136998542,756.8309675599215,756.8544816998765,756.8692986599402,756.8701653999742,756.9070155599387,756.9084979998879,758.5244854599936,None,0,756.9084979998879,758.5244854599936,758.5283269998617,760.2642090599751,,,EMOCONPILOT014,2021_Jan_13_1630,EmoCon_Pilot_120Hz,2020.2.4,119.98061120907352,
,,,,1,0,1,0,78,0,78,0,,,,,,,,,,,,,,,,,,,,,,,,,,,,,,,,,,,,,,,,,,,,,78,12.0,f,040_y_f_n_a.jpg,neutral,s,17,2,760.2680482999422,760.5642478598514,760.7835059999488,760.9486733600264,760.9528095999267,760.9937006600434,760.997358799912,761.6676345600048,s,1,760.997358799912,761.6676345600048,761.6802709999029,762.9393037599278,0.6525308999698609,652.5308999698609,EMOCONPILOT014,2021_Jan_13_1630,EmoCon_Pilot_120Hz,2020.2.4,119.98061120907352,
,,,,1,0,1,0,79,0,79,0,,,,,,,,,,,,,,,,,,,,,,,,,,,,,,,,,,,,,,,,,,,,,79,6.0,m,033_o_m_h_a.jpg,happy,d,17,2,762.9434368999209,763.2393080598907,763.2562984998804,763.3912846599472,763.3959182000253,763.436657659919,763.4419271999504,763.961032159836,d,1,763.4419271999504,763.961032159836,763.9724546999205,765.18938395984,0.5038572999183089,503.85729991830885,EMOCONPILOT014,2021_Jan_13_1630,EmoCon_Pilot_120Hz,2020.2.4,119.98061120907352,
,,,,1,0,1,0,80,0,80,0,,,,,,,,,,,,,,,,,,,,,,,,,,,,,,,,,,,,,,,,,,,,,80,2.0,m,008_y_m_n_a.jpg,neutral,s,2,2,765.194762500003,765.4894813599298,765.7329390000086,765.7500135600334,765.7501346999779,765.7852183598792,765.7856057998724,767.4424749598605,None,0,765.7856057998724,767.4424749598605,767.4446241999976,768.6561962598702,,,EMOCONPILOT014,2021_Jan_13_1630,EmoCon_Pilot_120Hz,2020.2.4,119.98061120907352,
,,,,1,0,1,0,81,0,81,0,,,,,,,,,,,,,,,,,,,,,,,,,,,,,,,,,,,,,,,,,,,,,81,12.0,f,040_y_f_h_a.jpg,happy,d,2,2,768.6617723000236,768.9561147598782,768.9821615000255,768.9976693598786,768.9981953999959,769.0323563599726,769.0322636000346,770.6146969599416,None,0,769.0322636000346,770.6146969599416,770.6199495999608,772.3061537600355,,,EMOCONPILOT014,2021_Jan_13_1630,EmoCon_Pilot_120Hz,2020.2.4,119.98061120907352,
,,,,1,0,1,0,82,0,82,0,,,,,,,,,,,,,,,,,,,,,,,,,,,,,,,,,,,,,,,,,,,,,82,9.0,f,021_o_f_h_a.jpg,happy,d,17,2,772.3100421999115,772.6061650600517,772.8203079998493,772.9807477600174,772.9854395999573,773.0254819600144,773.0306070998777,773.4580308599164,d,1,773.0306070998777,773.4580308599164,773.4683474998455,774.7145723600173,0.4112913999706507,411.2913999706507,EMOCONPILOT014,2021_Jan_13_1630,EmoCon_Pilot_120Hz,2020.2.4,119.98061120907352,
,,,,1,0,1,0,83,0,83,0,,,,,,,,,,,,,,,,,,,,,,,,,,,,,,,,,,,,,,,,,,,,,83,6.0,m,033_o_m_h_a.jpg,happy,d,17,2,774.7199574999977,775.014695659955,775.037691900041,775.1745669599389,775.1778086998966,775.2169891600264,775.222228199942,775.639638759871,d,1,775.222228199942,775.639638759871,775.652585899923,776.664689260046,0.40335509995929897,403.35509995929897,EMOCONPILOT014,2021_Jan_13_1630,EmoCon_Pilot_120Hz,2020.2.4,119.98061120907352,
,,,,1,0,1,0,84,0,84,0,,,,,,,,,,,,,,,,,,,,,,,,,,,,,,,,,,,,,,,,,,,,,84,2.0,m,008_y_m_n_a.jpg,neutral,s,17,2,776.670210900018,776.9646793599007,777.2074301999528,777.3629775598878,777.3675003999379,777.4065503598889,777.4116855999455,778.4510426600231,s,1,777.4116855999455,778.4510426600231,778.457394399913,779.8730217600008,1.0298615000210702,1029.8615000210702,EMOCONPILOT014,2021_Jan_13_1630,EmoCon_Pilot_120Hz,2020.2.4,119.98061120907352,
,,,,1,0,1,0,85,0,85,0,,,,,,,,,,,,,,,,,,,,,,,,,,,,,,,,,,,,,,,,,,,,,85,10.0,f,028_y_f_n_a.jpg,neutral,s,17,2,779.8783560998272,780.1731212599901,780.3746255000588,780.5414434598991,780.545135299908,780.5859011600027,780.5902362000197,781.0426179598784,s,1,780.5902362000197,781.0426179598784,781.0539788999595,783.0230406599352,0.4436108998488635,443.6108998488635,EMOCONPILOT014,2021_Jan_13_1630,EmoCon_Pilot_120Hz,2020.2.4,119.98061120907352,
,,,,1,0,1,0,86,0,86,0,,,,,,,,,,,,,,,,,,,,,,,,,,,,,,,,,,,,,,,,,,,,,86,6.0,m,033_o_m_h_a.jpg,happy,d,17,2,783.0269662998617,783.3230262598721,783.3353901999071,783.4663373599527,783.4691729999613,783.50761635995,783.5105977999046,783.9918295598821,d,1,783.5105977999046,783.9918295598821,783.9998518000357,785.8648873599944,0.4670284001622349,467.0284001622349,EMOCONPILOT014,2021_Jan_13_1630,EmoCon_Pilot_120Hz,2020.2.4,119.98061120907352,
,,,,1,0,1,0,87,0,87,0,,,,,,,,,,,,,,,,,,,,,,,,,,,,,,,,,,,,,,,,,,,,,87,5.0,m,027_o_m_s_a.jpg,sad,a,17,2,785.8708805998322,786.1647238598438,786.1850791999605,786.316556859971,786.3184001999907,786.3577390599297,786.3607826998923,787.1832405598601,a,1,786.3607826998923,787.1832405598601,787.1913500998635,788.9898477599257,0.8089020000770688,808.9020000770688,EMOCONPILOT014,2021_Jan_13_1630,EmoCon_Pilot_120Hz,2020.2.4,119.98061120907352,
,,,,1,0,1,0,88,0,88,0,,,,,,,,,,,,,,,,,,,,,,,,,,,,,,,,,,,,,,,,,,,,,88,7.0,f,012_o_f_s_a.jpg,sad,a,17,2,788.9940677999984,789.2898555600317,789.3141015998553,789.4499318599468,789.4529550999869,789.4917183599667,789.4948668000288,790.510865960014,a,1,789.4948668000288,790.510865960014,790.518111199839,791.8149505599634,1.0026685998309404,1002.6685998309404,EMOCONPILOT014,2021_Jan_13_1630,EmoCon_Pilot_120Hz,2020.2.4,119.98061120907352,
,,,,1,0,1,0,89,0,89,0,,,,,,,,,,,,,,,,,,,,,,,,,,,,,,,,,,,,,,,,,,,,,89,2.0,m,008_y_m_h_a.jpg,happy,d,2,2,791.8204428998288,792.1149348600069,792.1317081998568,792.1469465598697,792.1476610000245,792.1827857598895,792.1828055998776,793.7951423600083,None,0,792.1828055998776,793.7951423600083,793.8025793998968,795.4650021600304,,,EMOCONPILOT014,2021_Jan_13_1630,EmoCon_Pilot_120Hz,2020.2.4,119.98061120907352,
,,,,1,0,1,0,90,0,90,0,,,,,,,,,,,,,,,,,,,,,,,,,,,,,,,,,,,,,,,,,,,,,90,7.0,f,012_o_f_h_a.jpg,happy,d,17,2,795.4691010999959,795.7650540598901,795.7909512999468,795.9248780598631,795.9277726998553,795.9661811599275,795.9655836999882,796.5531726600369,d,1,795.9655836999882,796.5531726600369,796.5627110998612,798.3316974600078,0.5800375000108033,580.0375000108033,EMOCONPILOT014,2021_Jan_13_1630,EmoCon_Pilot_120Hz,2020.2.4,119.98061120907352,
,,,,1,0,1,0,91,0,91,0,,,,,,,,,,,,,,,,,,,,,,,,,,,,,,,,,,,,,,,,,,,,,91,10.0,f,028_y_f_s_a.jpg,sad,a,2,2,798.3358944999054,798.63171825998,798.6517469000537,798.6671607598895,798.6669495999813,798.7007926599821,798.7006892999634,800.3068640599726,None,0,798.7006892999634,800.3068640599726,800.310806500027,802.190163359954,,,EMOCONPILOT014,2021_Jan_13_1630,EmoCon_Pilot_120Hz,2020.2.4,119.98061120907352,
,,,,1,0,1,0,92,0,92,0,,,,,,,,,,,,,,,,,,,,,,,,,,,,,,,,,,,,,,,,,,,,,92,12.0,f,040_y_f_s_a.jpg,sad,a,2,2,802.1954911998473,802.4901438599685,802.5202354998328,802.5354131599655,802.5372641000431,802.5746660600183,802.5763622999657,804.1641390600474,None,0,802.5763622999657,804.1641390600474,804.1688743999694,805.1902397598373,,,EMOCONPILOT014,2021_Jan_13_1630,EmoCon_Pilot_120Hz,2020.2.4,119.98061120907352,
,,,,1,0,1,0,93,0,93,0,,,,,,,,,,,,,,,,,,,,,,,,,,,,,,,,,,,,,,,,,,,,,93,2.0,m,008_y_m_n_a.jpg,neutral,s,2,2,805.193156399997,805.4901176600018,805.7342683000024,805.7508767598541,805.750522499904,805.7852834600257,805.7848936000373,807.3729392599547,None,0,805.7848936000373,807.3729392599547,807.3767516999505,809.2152881598798,,,EMOCONPILOT014,2021_Jan_13_1630,EmoCon_Pilot_120Hz,2020.2.4,119.98061120907352,
,,,,1,0,1,0,94,0,94,0,,,,,,,,,,,,,,,,,,,,,,,,,,,,,,,,,,,,,,,,,,,,,94,11.0,f,030_o_f_s_a.jpg,sad,a,2,2,809.219401899958,809.5153904598905,809.7165405999403,809.7341765600489,809.7348062999081,809.7708657600218,809.7705393999349,811.4377766598249,None,0,809.7705393999349,811.4377766598249,811.4434703998268,812.5487405599328,,,EMOCONPILOT014,2021_Jan_13_1630,EmoCon_Pilot_120Hz,2020.2.4,119.98061120907352,
,,,,1,0,1,0,95,0,95,0,,,,,,,,,,,,,,,,,,,,,,,,,,,,,,,,,,,,,,,,,,,,,95,9.0,f,021_o_f_n_a.jpg,neutral,s,2,2,812.5539670998696,812.8488311599707,813.0636112999637,813.0805534599116,813.0842327999417,813.1228522599907,813.125891600037,814.8611701598624,None,0,813.125891600037,814.8611701598624,814.8648645000067,816.4237815600121,,,EMOCONPILOT014,2021_Jan_13_1630,EmoCon_Pilot_120Hz,2020.2.4,119.98061120907352,
,,,,1,0,1,0,96,0,96,0,,,,,,,,,,,,,,,,,,,,,,,,,,,,,,,,,,,,,,,,,,,,,96,6.0,m,033_o_m_h_a.jpg,happy,d,17,2,816.4284574999474,816.7237719599856,816.7455287999474,816.8840332599124,816.8877754998393,816.9275116598932,816.9327253999654,817.432853859826,d,1,816.9327253999654,817.432853859826,817.4450083998963,819.3570781599032,0.48526360001415014,485.26360001415014,EMOCONPILOT014,2021_Jan_13_1630,EmoCon_Pilot_120Hz,2020.2.4,119.98061120907352,
,,,,1,0,1,0,97,0,97,0,,,,,,,,,,,,,,,,,,,,,,,,,,,,,,,,,,,,,,,,,,,,,97,3.0,m,013_y_m_s_a.jpg,sad,a,2,2,819.3598718999419,819.657234359975,819.6820457999129,819.6974057599203,819.6982913999818,819.7332472598413,819.7347193998285,821.3837284599198,None,0,819.7347193998285,821.3837284599198,821.3900684998371,822.4156001598807,,,EMOCONPILOT014,2021_Jan_13_1630,EmoCon_Pilot_120Hz,2020.2.4,119.98061120907352,
,,,,1,0,1,0,98,0,98,0,,,,,,,,,,,,,,,,,,,,,,,,,,,,,,,,,,,,,,,,,,,,,98,12.0,f,040_y_f_s_a.jpg,sad,a,17,2,822.4185370998457,822.7155590599635,822.7309270999394,822.8672026600456,822.8702481999062,822.9084498600336,822.911926999921,823.378667159914,a,1,822.911926999921,823.378667159914,823.3904663999565,824.6490584600018,0.4578937999904156,457.8937999904156,EMOCONPILOT014,2021_Jan_13_1630,EmoCon_Pilot_120Hz,2020.2.4,119.98061120907352,
,,,,1,0,1,0,99,0,99,0,,,,,,,,,,,,,,,,,,,,,,,,,,,,,,,,,,,,,,,,,,,,,99,11.0,f,030_o_f_s_a.jpg,sad,a,2,2,824.6548506000545,824.948982760054,825.1540711000562,825.170778459846,825.1713047998492,825.208350159903,825.208550899988,826.8346326600062,None,0,825.208550899988,826.8346326600062,826.8399024000391,828.6323945598909,,,EMOCONPILOT014,2021_Jan_13_1630,EmoCon_Pilot_120Hz,2020.2.4,119.98061120907352,
,,,,1,0,1,0,100,0,100,0,,,,,,,,,,,,,,,,,,,,,,,,,,,,,,,,,,,,,,,,,,,,,100,8.0,f,019_m_f_n_a.jpg,neutral,s,17,2,828.6352792000398,828.9322909598471,829.1689227998722,829.3388960598735,829.3435452999547,829.3847677600337,829.3886925999541,829.9228126599686,s,1,829.3886925999541,829.9228126599686,829.9341767998412,831.9240686599863,0.5251231999136508,525.1231999136508,EMOCONPILOT014,2021_Jan_13_1630,EmoCon_Pilot_120Hz,2020.2.4,119.98061120907352,
,,,,1,0,1,0,101,0,101,0,,,,,,,,,,,,,,,,,,,,,,,,,,,,,,,,,,,,,,,,,,,,,101,6.0,m,033_o_m_h_a.jpg,happy,d,2,2,831.9271865999326,832.2242136599729,832.2477145998273,832.2626345599768,832.2636885999236,832.3002717599505,832.3016580999829,833.9593653599499,None,0,832.3016580999829,833.9593653599499,833.9643565998413,835.0575211599702,,,EMOCONPILOT014,2021_Jan_13_1630,EmoCon_Pilot_120Hz,2020.2.4,119.98061120907352,
,,,,1,0,1,0,102,0,102,0,,,,,,,,,,,,,,,,,,,,,,,,,,,,,,,,,,,,,,,,,,,,,102,9.0,f,021_o_f_s_a.jpg,sad,a,17,2,835.0604598999489,835.357468159846,835.3786774999462,835.509111359925,835.5121573999058,835.55037345991,835.5539337999653,836.2045174599392,a,1,835.5539337999653,836.2045174599392,836.2147617998999,837.9157042598584,0.6397599000483751,639.7599000483751,EMOCONPILOT014,2021_Jan_13_1630,EmoCon_Pilot_120Hz,2020.2.4,119.98061120907352,
,,,,1,0,1,0,103,0,103,0,,,,,,,,,,,,,,,,,,,,,,,,,,,,,,,,,,,,,,,,,,,,,103,4.0,m,016_y_m_n_a.jpg,neutral,s,17,2,837.916166999843,838.2160375599982,838.6376877999865,838.7932220599381,838.7979116998613,838.8357495600125,838.8397510000505,839.2434843599098,s,1,838.8397510000505,839.2434843599098,839.2495371999685,840.6576296598417,0.3939467000309378,393.9467000309378,EMOCONPILOT014,2021_Jan_13_1630,EmoCon_Pilot_120Hz,2020.2.4,119.98061120907352,
,,,,1,0,1,0,104,0,104,0,,,,,,,,,,,,,,,,,,,,,,,,,,,,,,,,,,,,,,,,,,,,,104,8.0,f,019_m_f_h_a.jpg,happy,d,2,2,840.6623005999718,840.9576212598244,840.9836301000323,840.9991402600193,840.999792000046,841.0344179598382,841.0340882998426,842.6554857599316,None,0,841.0340882998426,842.6554857599316,842.6601638998836,844.3827050600433,,,EMOCONPILOT014,2021_Jan_13_1630,EmoCon_Pilot_120Hz,2020.2.4,119.98061120907352,
,,,,1,0,1,0,105,0,105,0,,,,,,,,,,,,,,,,,,,,,,,,,,,,,,,,,,,,,,,,,,,,,105,3.0,m,013_y_m_n_a.jpg,neutral,s,17,2,844.3869376999792,844.6827659599716,844.9224588000216,845.0852414599852,845.0901788000483,845.1315036599757,845.1362767999526,845.6153546599438,s,1,845.1362767999526,845.6153546599438,845.6261964999139,847.291201059916,0.46575649990700185,465.75649990700185,EMOCONPILOT014,2021_Jan_13_1630,EmoCon_Pilot_120Hz,2020.2.4,119.98061120907352,
,,,,1,0,1,0,106,0,106,0,,,,,,,,,,,,,,,,,,,,,,,,,,,,,,,,,,,,,,,,,,,,,106,12.0,f,040_y_f_s_a.jpg,sad,a,2,2,847.2970538998488,847.5910964598646,847.6127028998453,847.6281261599855,847.6284640999511,847.6672870600363,847.6689183998387,849.2686811599182,None,0,847.6689183998387,849.2686811599182,849.2736199998762,850.5244255598867,,,EMOCONPILOT014,2021_Jan_13_1630,EmoCon_Pilot_120Hz,2020.2.4,119.98061120907352,
,,,,1,0,1,0,107,0,107,0,,,,,,,,,,,,,,,,,,,,,,,,,,,,,,,,,,,,,,,,,,,,,107,4.0,m,016_y_m_h_a.jpg,happy,d,17,2,850.5272498000413,850.824523159978,850.8467786998954,850.9844804599182,850.9895732000005,851.0302735599456,851.0354627999477,851.5733474599896,d,1,851.0354627999477,851.5733474599896,851.5847133998759,852.6662044599419,0.5264286000747234,526.4286000747234,EMOCONPILOT014,2021_Jan_13_1630,EmoCon_Pilot_120Hz,2020.2.4,119.98061120907352,
,,,,1,0,1,0,108,0,108,0,,,,,,,,,,,,,,,,,,,,,,,,,,,,,,,,,,,,,,,,,,,,,108,11.0,f,030_o_f_s_a.jpg,sad,a,17,2,852.6704217998777,852.9663114598719,853.1873431999702,853.3483833600534,853.3529409000184,853.3932874598307,853.3983745998703,853.8669794599758,a,1,853.3983745998703,853.8669794599758,853.8782168999314,855.5329621599288,0.45145990001037717,451.45990001037717,EMOCONPILOT014,2021_Jan_13_1630,EmoCon_Pilot_120Hz,2020.2.4,119.98061120907352,
,,,,1,0,1,0,109,0,109,0,,,,,,,,,,,,,,,,,,,,,,,,,,,,,,,,,,,,,,,,,,,,,109,9.0,f,021_o_f_s_a.jpg,sad,a,2,2,855.5361883998848,855.8328559598652,855.856189099839,855.8710747598437,855.8720225000288,855.9091511599021,855.9091807999648,857.1472911599325,a,1,855.9091807999648,857.1472911599325,857.1586879999377,858.9913873600075,1.220782599877566,1220.782599877566,EMOCONPILOT014,2021_Jan_13_1630,EmoCon_Pilot_120Hz,2020.2.4,119.98061120907352,
,,,,1,0,1,0,110,0,110,0,,,,,,,,,,,,,,,,,,,,,,,,,,,,,,,,,,,,,,,,,,,,,110,9.0,f,021_o_f_h_a.jpg,happy,d,17,2,858.9976659000386,859.291433859826,859.509157499997,859.6702546600485,859.6740659000352,859.7132478598272,859.7168365998659,860.5606765600154,d,1,859.7168365998659,860.5606765600154,860.5670700999908,861.7747902599862,0.8289135000668466,828.9135000668466,EMOCONPILOT014,2021_Jan_13_1630,EmoCon_Pilot_120Hz,2020.2.4,119.98061120907352,
,,,,1,0,1,0,111,0,111,0,,,,,,,,,,,,,,,,,,,,,,,,,,,,,,,,,,,,,,,,,,,,,111,9.0,f,021_o_f_n_a.jpg,neutral,s,2,2,861.7788722999394,862.0747496599564,862.2747400999069,862.2917583598522,862.2917581999209,862.3282722600037,862.3281029998325,863.942385459994,None,0,862.3281029998325,863.942385459994,863.9473080998287,865.2999126598937,,,EMOCONPILOT014,2021_Jan_13_1630,EmoCon_Pilot_120Hz,2020.2.4,119.98061120907352,
,,,,1,0,1,0,112,0,112,0,,,,,,,,,,,,,,,,,,,,,,,,,,,,,,,,,,,,,,,,,,,,,112,4.0,m,016_y_m_s_a.jpg,sad,a,17,2,865.3051924998872,865.5998609598959,865.6209886998404,865.7515325599583,865.7558716998901,865.7965384600451,865.80169439991,866.3089427598519,a,1,865.80169439991,866.3089427598519,866.320610600058,867.8414133598329,0.49597140005789697,495.971400057897,EMOCONPILOT014,2021_Jan_13_1630,EmoCon_Pilot_120Hz,2020.2.4,119.98061120907352,
,,,,1,0,1,0,113,0,113,0,,,,,,,,,,,,,,,,,,,,,,,,,,,,,,,,,,,,,,,,,,,,,113,10.0,f,028_y_f_h_a.jpg,happy,d,2,2,867.8415452998597,868.1415480598574,868.1633388998453,868.178195559862,868.1793273999356,868.2175443598302,868.2192110999022,869.950584260025,None,0,868.2192110999022,869.950584260025,869.957316899905,870.983266259986,,,EMOCONPILOT014,2021_Jan_13_1630,EmoCon_Pilot_120Hz,2020.2.4,119.98061120907352,
,,,,1,0,1,0,114,0,114,0,,,,,,,,,,,,,,,,,,,,,,,,,,,,,,,,,,,,,,,,,,,,,114,8.0,f,019_m_f_s_a.jpg,sad,a,2,2,870.9882892000023,871.2832757599884,871.5329972000327,871.5499711599899,871.5511139999144,871.5917839598609,871.5966492998414,873.2846062599914,None,0,871.5966492998414,873.2846062599914,873.2884690999053,875.0260309600038,,,EMOCONPILOT014,2021_Jan_13_1630,EmoCon_Pilot_120Hz,2020.2.4,119.98061120907352,
,,,,1,0,1,0,115,0,115,0,,,,,,,,,,,,,,,,,,,,,,,,,,,,,,,,,,,,,,,,,,,,,115,3.0,m,013_y_m_h_a.jpg,happy,d,17,2,875.0303448999766,875.3250433599809,875.555719200056,875.7066262599313,875.71078019985,875.7509249599883,875.7561906999908,876.232712059957,d,1,875.7561906999908,876.232712059957,876.2446220000274,878.0750842599431,0.4615644000004977,461.5644000004977,EMOCONPILOT014,2021_Jan_13_1630,EmoCon_Pilot_120Hz,2020.2.4,119.98061120907352,
,,,,1,0,1,0,116,0,116,0,,,,,,,,,,,,,,,,,,,,,,,,,,,,,,,,,,,,,,,,,,,,,116,5.0,m,027_o_m_n_a.jpg,neutral,s,17,2,878.0798812999856,878.3750748599181,878.5739764999598,878.7425946600036,878.7463515999261,878.7871601599967,878.7911922999192,879.4053643599385,s,1,878.7911922999192,879.4053643599385,879.4135302000213,880.8000441598473,0.602527900133282,602.527900133282,EMOCONPILOT014,2021_Jan_13_1630,EmoCon_Pilot_120Hz,2020.2.4,119.98061120907352,
,,,,1,0,1,0,117,0,117,0,,,,,,,,,,,,,,,,,,,,,,,,,,,,,,,,,,,,,,,,,,,,,117,1.0,m,004_o_m_n_a.jpg,neutral,s,17,2,880.8030647998676,881.1000911600189,881.2884712000377,881.4432971598347,881.4447317000013,881.4804427600233,881.4821057999507,881.9802944599418,s,1,881.4821057999507,881.9802944599418,881.9886256000027,883.0668697599089,0.4876178000122309,487.6178000122309,EMOCONPILOT014,2021_Jan_13_1630,EmoCon_Pilot_120Hz,2020.2.4,119.98061120907352,
,,,,1,0,1,0,118,0,118,0,,,,,,,,,,,,,,,,,,,,,,,,,,,,,,,,,,,,,,,,,,,,,118,11.0,f,030_o_f_n_a.jpg,neutral,s,2,2,883.0710805000272,883.3668624600163,883.5677733998746,883.5851278600516,883.5850453998428,883.6191825598711,883.6206403998658,885.2824773599626,None,0,883.6206403998658,885.2824773599626,885.2873871999327,886.7502393598901,,,EMOCONPILOT014,2021_Jan_13_1630,EmoCon_Pilot_120Hz,2020.2.4,119.98061120907352,
,,,,1,0,1,0,119,0,119,0,,,,,,,,,,,,,,,,,,,,,,,,,,,,,,,,,,,,,,,,,,,,,119,10.0,f,028_y_f_s_a.jpg,sad,a,2,2,886.7548141998705,887.0502660600235,887.072168600047,887.0876014600275,887.088548499858,887.1264210599242,887.1278192999307,888.720311059826,None,0,887.1278192999307,888.720311059826,888.7225344998296,890.3420437599765,,,EMOCONPILOT014,2021_Jan_13_1630,EmoCon_Pilot_120Hz,2020.2.4,119.98061120907352,
,,,,2,0,2,0,0,0,0,0,,,,,,,,,,,,,,,,,,,,,,,,,,,,,,,,,,,,,,890.4716397000011,893.183493959927,space,2.698019800009206,2698.019800009206,890.4716397000011,893.183493959927,0,1.0,m,004_o_m_h_a.jpg,happy,d,1,3,893.1880197999999,893.4751623598626,893.7680907999165,893.7764469599118,893.7794001998845,893.8177966598654,893.8230248999316,895.3972076598787,None,0,893.8230248999316,895.3972076598787,895.4066921998747,896.8672429600032,,,EMOCONPILOT014,2021_Jan_13_1630,EmoCon_Pilot_120Hz,2020.2.4,119.98061120907352,
,,,,2,0,2,0,1,0,1,0,,,,,,,,,,,,,,,,,,,,,,,,,,,,,,,,,,,,,,,,,,,,,1,5.0,m,027_o_m_h_a.jpg,happy,d,17,3,896.8703256999142,897.1671245598467,897.3789031999186,897.5488467600429,897.5535244999919,897.5932688598754,897.5984745000023,898.1616715600015,d,1,897.5984745000023,898.1616715600015,898.1649720999412,900.0589322598884,0.5550623000599444,555.0623000599444,EMOCONPILOT014,2021_Jan_13_1630,EmoCon_Pilot_120Hz,2020.2.4,119.98061120907352,
,,,,2,0,2,0,2,0,2,0,,,,,,,,,,,,,,,,,,,,,,,,,,,,,,,,,,,,,,,,,,,,,2,7.0,f,012_o_f_s_a.jpg,sad,a,17,3,900.064246499911,900.3589499599533,900.3730303999037,900.5105698599713,900.5144615999889,900.5552378599299,900.5596884998959,901.6269199598813,a,1,900.5596884998959,901.6269199598813,901.6384040999692,903.4256268599769,1.0503704000730067,1050.3704000730067,EMOCONPILOT014,2021_Jan_13_1630,EmoCon_Pilot_120Hz,2020.2.4,119.98061120907352,
,,,,2,0,2,0,3,0,3,0,,,,,,,,,,,,,,,,,,,,,,,,,,,,,,,,,,,,,,,,,,,,,3,5.0,m,027_o_m_h_a.jpg,happy,d,17,3,903.4316775000188,903.7257288598688,903.9483870000113,904.1120225598337,904.1165515000466,904.1572886600392,904.1612503000069,904.6998113598441,d,1,904.1612503000069,904.6998113598441,904.7114709999878,906.3757439600071,0.528540899977088,528.540899977088,EMOCONPILOT014,2021_Jan_13_1630,EmoCon_Pilot_120Hz,2020.2.4,119.98061120907352,
,,,,2,0,2,0,4,0,4,0,,,,,,,,,,,,,,,,,,,,,,,,,,,,,,,,,,,,,,,,,,,,,4,6.0,m,033_o_m_s_a.jpg,sad,a,17,3,906.3797289999202,906.6758011600235,906.6977259998675,906.8356546598719,906.837294699857,906.8769789598649,906.8783676000312,907.4580040599452,s,0,906.8783676000312,907.4580040599452,907.4662677999586,909.100720559922,0.5634246999397874,563.4246999397874,EMOCONPILOT014,2021_Jan_13_1630,EmoCon_Pilot_120Hz,2020.2.4,119.98061120907352,
,,,,2,0,2,0,5,0,5,0,,,,,,,,,,,,,,,,,,,,,,,,,,,,,,,,,,,,,,,,,,,,,5,7.0,f,012_o_f_n_a.jpg,neutral,s,17,3,909.1048349000048,909.4008022600086,909.619180599926,909.7816850598668,909.7852495999541,909.8224351599114,909.8258350000251,910.4600152598927,s,1,909.8258350000251,910.4600152598927,910.4694333998486,911.7508017599815,0.6238610001746565,623.8610001746565,EMOCONPILOT014,2021_Jan_13_1630,EmoCon_Pilot_120Hz,2020.2.4,119.98061120907352,
,,,,2,0,2,0,6,0,6,0,,,,,,,,,,,,,,,,,,,,,,,,,,,,,,,,,,,,,,,,,,,,,6,3.0,m,013_y_m_n_a.jpg,neutral,s,1,3,911.7548938998953,912.0508592598839,912.2835607000161,912.2919168600114,912.2949879998341,912.33477685994,912.3386828999501,914.1652204598998,None,0,912.3386828999501,914.1652204598998,914.1728209999856,915.6760179600445,,,EMOCONPILOT014,2021_Jan_13_1630,EmoCon_Pilot_120Hz,2020.2.4,119.98061120907352,
,,,,2,0,2,0,7,0,7,0,,,,,,,,,,,,,,,,,,,,,,,,,,,,,,,,,,,,,,,,,,,,,7,2.0,m,008_y_m_n_a.jpg,neutral,s,1,3,915.680493199965,915.9759381599491,916.2161206998862,916.2244768598815,916.2246365998872,916.2604849599069,916.2644588998519,918.0383593600476,None,0,916.2644588998519,918.0383593600476,918.0460494998842,919.642686459911,,,EMOCONPILOT014,2021_Jan_13_1630,EmoCon_Pilot_120Hz,2020.2.4,119.98061120907352,
,,,,2,0,2,0,8,0,8,0,,,,,,,,,,,,,,,,,,,,,,,,,,,,,,,,,,,,,,,,,,,,,8,11.0,f,030_o_f_h_a.jpg,happy,d,17,3,919.6482227998786,919.9427403600188,920.1503532999195,920.3097041598288,920.3143772999756,920.352457559877,920.3562040999532,920.8342243600404,d,1,920.3562040999532,920.8342243600404,920.8443540998269,922.1094552599592,0.4697814001701772,469.7814001701772,EMOCONPILOT014,2021_Jan_13_1630,EmoCon_Pilot_120Hz,2020.2.4,119.98061120907352,
,,,,2,0,2,0,9,0,9,0,,,,,,,,,,,,,,,,,,,,,,,,,,,,,,,,,,,,,,,,,,,,,9,3.0,m,013_y_m_h_a.jpg,happy,d,1,3,922.1135704999324,922.4093444598606,922.6341285998933,922.6424847598886,922.6456170999445,922.6827669599792,922.6876611998305,924.5142583600012,None,0,922.6876611998305,924.5142583600012,924.5214330998715,925.6594303599326,,,EMOCONPILOT014,2021_Jan_13_1630,EmoCon_Pilot_120Hz,2020.2.4,119.98061120907352,
,,,,2,0,2,0,10,0,10,0,,,,,,,,,,,,,,,,,,,,,,,,,,,,,,,,,,,,,,,,,,,,,10,8.0,f,019_m_f_n_a.jpg,neutral,s,17,3,925.6633848999627,925.959439059929,926.1929989999626,926.3620128598762,926.3666157999542,926.4075386598473,926.4124962999485,926.8601575598353,s,1,926.4124962999485,926.8601575598353,926.8717878998723,928.74284406004,0.43738769995979965,437.38769995979965,EMOCONPILOT014,2021_Jan_13_1630,EmoCon_Pilot_120Hz,2020.2.4,119.98061120907352,
,,,,2,0,2,0,11,0,11,0,,,,,,,,,,,,,,,,,,,,,,,,,,,,,,,,,,,,,,,,,,,,,11,11.0,f,030_o_f_n_a.jpg,neutral,s,17,3,928.7468417000491,929.0429248600034,929.2500169000123,929.4125351598253,929.4170368998311,929.4582508599618,929.4625166999176,930.3361513600452,s,1,929.4625166999176,930.3361513600452,930.3474500998855,931.7512813599081,0.8593165001366287,859.3165001366287,EMOCONPILOT014,2021_Jan_13_1630,EmoCon_Pilot_120Hz,2020.2.4,119.98061120907352,
,,,,2,0,2,0,12,0,12,0,,,,,,,,,,,,,,,,,,,,,,,,,,,,,,,,,,,,,,,,,,,,,12,1.0,m,004_o_m_n_a.jpg,neutral,s,1,3,931.7562279999256,932.0512899600202,932.2537507999223,932.2621069599176,932.2629404000472,932.2978382599307,932.297399800038,933.9536237600026,None,0,932.297399800038,933.9536237600026,933.9591705000494,935.442961759842,,,EMOCONPILOT014,2021_Jan_13_1630,EmoCon_Pilot_120Hz,2020.2.4,119.98061120907352,
,,,,2,0,2,0,13,0,13,0,,,,,,,,,,,,,,,,,,,,,,,,,,,,,,,,,,,,,,,,,,,,,13,5.0,m,027_o_m_n_a.jpg,neutral,s,1,3,935.4468783000484,935.7429482599022,935.9509588999208,935.9593150599161,935.9601114999969,935.9957205599407,935.9956103998702,937.7692653599428,None,0,935.9956103998702,937.7692653599428,937.774228699971,939.4347954599419,,,EMOCONPILOT014,2021_Jan_13_1630,EmoCon_Pilot_120Hz,2020.2.4,119.98061120907352,
,,,,2,0,2,0,14,0,14,0,,,,,,,,,,,,,,,,,,,,,,,,,,,,,,,,,,,,,,,,,,,,,14,3.0,m,013_y_m_s_a.jpg,sad,a,1,3,939.4388514000457,939.7347003598464,939.7587375999428,939.7670937599381,939.7674727998674,939.8025688598631,939.8024752000347,941.4141192598967,None,0,939.8024752000347,941.4141192598967,941.4182206999976,942.6763877598336,,,EMOCONPILOT014,2021_Jan_13_1630,EmoCon_Pilot_120Hz,2020.2.4,119.98061120907352,
,,,,2,0,2,0,15,0,15,0,,,,,,,,,,,,,,,,,,,,,,,,,,,,,,,,,,,,,,,,,,,,,15,9.0,f,021_o_f_h_a.jpg,happy,d,17,3,942.6793579000514,942.9764673600206,943.1886940998957,943.3458763598231,943.3495821000542,943.3868317599175,943.3899449999444,944.0477713600034,d,1,943.3899449999444,944.0477713600034,944.0571099999361,945.0933087598299,0.6438301000744104,643.8301000744104,EMOCONPILOT014,2021_Jan_13_1630,EmoCon_Pilot_120Hz,2020.2.4,119.98061120907352,
,,,,2,0,2,0,16,0,16,0,,,,,,,,,,,,,,,,,,,,,,,,,,,,,,,,,,,,,,,,,,,,,16,7.0,f,012_o_f_s_a.jpg,sad,a,17,3,945.0988624000456,945.3932798600057,945.4190304998774,945.5534114599926,945.5576190999709,945.5955099598272,945.6006102999672,946.4747575600398,a,1,945.6006102999672,946.4747575600398,946.4814813998528,948.1264925598865,0.865193699952215,865.193699952215,EMOCONPILOT014,2021_Jan_13_1630,EmoCon_Pilot_120Hz,2020.2.4,119.98061120907352,
,,,,2,0,2,0,17,0,17,0,,,,,,,,,,,,,,,,,,,,,,,,,,,,,,,,,,,,,,,,,,,,,17,6.0,m,033_o_m_n_a.jpg,neutral,s,17,3,948.1291060999501,948.4265782600036,948.6259858999401,948.7810992598301,948.7845797999762,948.822097260016,948.8253981999587,949.4800622600363,s,1,948.8253981999587,949.4800622600363,949.4895291998982,950.7266547600506,0.6403594000730664,640.3594000730664,EMOCONPILOT014,2021_Jan_13_1630,EmoCon_Pilot_120Hz,2020.2.4,119.98061120907352,
,,,,2,0,2,0,18,0,18,0,,,,,,,,,,,,,,,,,,,,,,,,,,,,,,,,,,,,,,,,,,,,,18,7.0,f,012_o_f_s_a.jpg,sad,a,1,3,950.7326676000375,951.0266799598234,951.0494385999627,951.057794759958,951.0581365998369,951.0944070599274,951.0944658999797,952.6879129600478,None,0,951.0944658999797,952.6879129600478,952.692081999965,954.4433837600285,,,EMOCONPILOT014,2021_Jan_13_1630,EmoCon_Pilot_120Hz,2020.2.4,119.98061120907352,
,,,,2,0,2,0,19,0,19,0,,,,,,,,,,,,,,,,,,,,,,,,,,,,,,,,,,,,,,,,,,,,,19,12.0,f,040_y_f_n_a.jpg,neutral,s,17,3,954.4485253000166,954.7434763598488,954.9658241998404,955.1190389599418,955.1235869999509,955.1645314600086,955.1689999999944,955.6766724600224,s,1,955.1689999999944,955.6766724600224,955.6880566000473,956.7351312599843,0.4892047999892384,489.2047999892384,EMOCONPILOT014,2021_Jan_13_1630,EmoCon_Pilot_120Hz,2020.2.4,119.98061120907352,
,,,,2,0,2,0,20,0,20,0,,,,,,,,,,,,,,,,,,,,,,,,,,,,,,,,,,,,,,,,,,,,,20,4.0,m,016_y_m_n_a.jpg,neutral,s,17,3,956.7380804000422,957.0350326599786,957.2670231999364,957.4254666599212,957.4296893000137,957.4707554599503,957.4758442998864,959.1474868599092,None,0,957.4758442998864,959.1474868599092,959.1545630998444,960.8935306600528,,,EMOCONPILOT014,2021_Jan_13_1630,EmoCon_Pilot_120Hz,2020.2.4,119.98061120907352,
,,,,2,0,2,0,21,0,21,0,,,,,,,,,,,,,,,,,,,,,,,,,,,,,,,,,,,,,,,,,,,,,21,7.0,f,012_o_f_s_a.jpg,sad,a,1,3,960.8974682998378,961.1936309600482,961.2201675998513,961.2285237598466,961.2288384998683,961.2642374599585,961.2638717000373,962.8740087598329,None,0,961.2638717000373,962.8740087598329,962.8789243998472,964.0019634598633,,,EMOCONPILOT014,2021_Jan_13_1630,EmoCon_Pilot_120Hz,2020.2.4,119.98061120907352,
,,,,2,0,2,0,22,0,22,0,,,,,,,,,,,,,,,,,,,,,,,,,,,,,,,,,,,,,,,,,,,,,22,5.0,m,027_o_m_h_a.jpg,happy,d,17,3,964.0048388999421,964.3019275599858,964.5051370998845,964.6694219598779,964.6741726000328,964.714879459911,964.7201493999455,965.3399097600253,d,1,964.7201493999455,965.3399097600253,965.3516374998726,966.4603197599994,0.6098320998717099,609.8320998717099,EMOCONPILOT014,2021_Jan_13_1630,EmoCon_Pilot_120Hz,2020.2.4,119.98061120907352,
,,,,2,0,2,0,23,0,23,0,,,,,,,,,,,,,,,,,,,,,,,,,,,,,,,,,,,,,,,,,,,,,23,4.0,m,016_y_m_h_a.jpg,happy,d,1,3,966.4643166000023,966.7604046598775,966.7846256999765,966.7929818599717,966.7942596999928,966.8284994598711,966.8297645999119,968.4396460598567,None,0,966.8297645999119,968.4396460598567,968.444633499952,970.0520618599606,,,EMOCONPILOT014,2021_Jan_13_1630,EmoCon_Pilot_120Hz,2020.2.4,119.98061120907352,
,,,,2,0,2,0,24,0,24,0,,,,,,,,,,,,,,,,,,,,,,,,,,,,,,,,,,,,,,,,,,,,,24,8.0,f,019_m_f_n_a.jpg,neutral,s,17,3,970.0562998999376,970.3520541598322,970.5895398999564,970.7578758599469,970.7627411000431,970.8036807598313,970.8087480999529,971.4715178599348,s,1,970.8087480999529,971.4715178599348,971.4824363999069,972.6604638600023,0.6493485998362303,649.3485998362303,EMOCONPILOT014,2021_Jan_13_1630,EmoCon_Pilot_120Hz,2020.2.4,119.98061120907352,
,,,,2,0,2,0,25,0,25,0,,,,,,,,,,,,,,,,,,,,,,,,,,,,,,,,,,,,,,,,,,,,,25,3.0,m,013_y_m_h_a.jpg,happy,d,1,3,972.6646292000078,972.9604549598647,973.1913175999653,973.1996737599605,973.2003929000348,973.2364413598319,973.2366813998669,974.8032002600143,None,0,973.2366813998669,974.8032002600143,974.808164200047,976.3355276598362,,,EMOCONPILOT014,2021_Jan_13_1630,EmoCon_Pilot_120Hz,2020.2.4,119.98061120907352,
,,,,2,0,2,0,26,0,26,0,,,,,,,,,,,,,,,,,,,,,,,,,,,,,,,,,,,,,,,,,,,,,26,1.0,m,004_o_m_s_a.jpg,sad,a,1,3,976.3396103000268,976.6355297600152,976.6574876999948,976.6658438599901,976.6660046000034,976.7034290600335,976.7046093000099,978.4399264598964,None,0,976.7046093000099,978.4399264598964,978.4468898000196,979.577262860001,,,EMOCONPILOT014,2021_Jan_13_1630,EmoCon_Pilot_120Hz,2020.2.4,119.98061120907352,
,,,,2,0,2,0,27,0,27,0,,,,,,,,,,,,,,,,,,,,,,,,,,,,,,,,,,,,,,,,,,,,,27,6.0,m,033_o_m_n_a.jpg,neutral,s,1,3,979.5815556999296,979.8772672598483,980.071214800002,980.0795709599973,980.0803610000294,980.119856559881,980.1250447998755,981.9152723599458,None,0,980.1250447998755,981.9152723599458,981.9180761999451,983.8190508598694,,,EMOCONPILOT014,2021_Jan_13_1630,EmoCon_Pilot_120Hz,2020.2.4,119.98061120907352,
,,,,2,0,2,0,28,0,28,0,,,,,,,,,,,,,,,,,,,,,,,,,,,,,,,,,,,,,,,,,,,,,28,10.0,f,028_y_f_h_a.jpg,happy,d,1,3,983.8250734000467,984.1190777600044,984.1423948998563,984.1507510598516,984.1515591000207,984.1869159599067,984.1869202000089,985.9932979598874,None,0,984.1869202000089,985.9932979598874,986.0003712999169,987.7024669600418,,,EMOCONPILOT014,2021_Jan_13_1630,EmoCon_Pilot_120Hz,2020.2.4,119.98061120907352,
,,,,2,0,2,0,29,0,29,0,,,,,,,,,,,,,,,,,,,,,,,,,,,,,,,,,,,,,,,,,,,,,29,1.0,m,004_o_m_n_a.jpg,neutral,s,1,3,987.7085454999469,988.0024673598585,988.2002743999474,988.2086305599427,988.209297799971,988.2453051600372,988.2449385998771,989.8674926599255,None,0,988.2449385998771,989.8674926599255,989.8714300999418,991.5276074600173,,,EMOCONPILOT014,2021_Jan_13_1630,EmoCon_Pilot_120Hz,2020.2.4,119.98061120907352,
,,,,2,0,2,0,30,0,30,0,,,,,,,,,,,,,,,,,,,,,,,,,,,,,,,,,,,,,,,,,,,,,30,10.0,f,028_y_f_n_a.jpg,neutral,s,17,3,991.5319564999081,991.8275175599614,992.0243941999506,992.1818167599616,992.1864577999804,992.2270091599552,992.2321504000574,993.8590493600117,None,0,992.2321504000574,993.8590493600117,993.8628497000318,995.7193776599364,,,EMOCONPILOT014,2021_Jan_13_1630,EmoCon_Pilot_120Hz,2020.2.4,119.98061120907352,
,,,,2,0,2,0,31,0,31,0,,,,,,,,,,,,,,,,,,,,,,,,,,,,,,,,,,,,,,,,,,,,,31,8.0,f,019_m_f_s_a.jpg,sad,a,1,3,995.7224795999937,996.019344859966,996.2588468999602,996.2672030599555,996.2677601999603,996.303689860017,996.3036419998389,998.0459793598624,None,0,996.3036419998389,998.0459793598624,998.0510664000176,999.8694066598313,,,EMOCONPILOT014,2021_Jan_13_1630,EmoCon_Pilot_120Hz,2020.2.4,119.98061120907352,
,,,,2,0,2,0,32,0,32,0,,,,,,,,,,,,,,,,,,,,,,,,,,,,,,,,,,,,,,,,,,,,,32,7.0,f,012_o_f_s_a.jpg,sad,a,17,3,999.8749454000499,1000.1693977599265,1000.1943073000293,1000.3292069600196,1000.3321715998463,1000.3705887598684,1000.372434000019,1000.9148910599528,a,1,1000.372434000019,1000.9148910599528,1000.9233236999717,1002.444319060049,0.5333946999162436,533.3946999162436,EMOCONPILOT014,2021_Jan_13_1630,EmoCon_Pilot_120Hz,2020.2.4,119.98061120907352,
,,,,2,0,2,0,33,0,33,0,,,,,,,,,,,,,,,,,,,,,,,,,,,,,,,,,,,,,,,,,,,,,33,9.0,f,021_o_f_s_a.jpg,sad,a,1,3,1002.4473454998806,1002.7443465599557,1002.764785300009,1002.7731414600042,1002.7734197999816,1002.8095953599317,1002.809140099911,1004.463300859998,None,0,1002.809140099911,1004.463300859998,1004.4681803998537,1005.7027139598271,,,EMOCONPILOT014,2021_Jan_13_1630,EmoCon_Pilot_120Hz,2020.2.4,119.98061120907352,
,,,,2,0,2,0,34,0,34,0,,,,,,,,,,,,,,,,,,,,,,,,,,,,,,,,,,,,,,,,,,,,,34,3.0,m,013_y_m_n_a.jpg,neutral,s,1,3,1005.7056183000095,1006.0028376600006,1006.2395488000475,1006.2479049600428,1006.2486816998571,1006.2874600598356,1006.2925477998797,1008.0875790598569,None,0,1006.2925477998797,1008.0875790598569,1008.0939525999129,1009.1612737599993,,,EMOCONPILOT014,2021_Jan_13_1630,EmoCon_Pilot_120Hz,2020.2.4,119.98061120907352,
,,,,2,0,2,0,35,0,35,0,,,,,,,,,,,,,,,,,,,,,,,,,,,,,,,,,,,,,,,,,,,,,35,5.0,m,027_o_m_h_a.jpg,happy,d,1,3,1009.1665119000245,1009.4612568600336,1009.6576821999624,1009.6660383599577,1009.666362100048,1009.7040164598496,1009.7039407000411,1010.7941222600406,d,1,1009.7039407000411,1010.7941222600406,1010.8029226998333,1011.9195302598877,1.0738974998239428,1073.8974998239428,EMOCONPILOT014,2021_Jan_13_1630,EmoCon_Pilot_120Hz,2020.2.4,119.98061120907352,
,,,,2,0,2,0,36,0,36,0,,,,,,,,,,,,,,,,,,,,,,,,,,,,,,,,,,,,,,,,,,,,,36,3.0,m,013_y_m_s_a.jpg,sad,a,1,3,1011.9223223000299,1012.2195539599983,1012.2433881999459,1012.2517443599412,1012.2526306998916,1012.2874451598385,1012.2875047000125,1013.9912532600341,None,0,1012.2875047000125,1013.9912532600341,1013.9979632999748,1015.7196979599306,,,EMOCONPILOT014,2021_Jan_13_1630,EmoCon_Pilot_120Hz,2020.2.4,119.98061120907352,
,,,,2,0,2,0,37,0,37,0,,,,,,,,,,,,,,,,,,,,,,,,,,,,,,,,,,,,,,,,,,,,,37,12.0,f,040_y_f_h_a.jpg,happy,d,1,3,1015.7238653998356,1016.0197067600442,1016.0429970999248,1016.0513532599201,1016.051762699848,1016.0874978599371,1016.0876875999384,1017.72840105996,None,0,1016.0876875999384,1017.72840105996,1017.7314293999225,1019.194816759997,,,EMOCONPILOT014,2021_Jan_13_1630,EmoCon_Pilot_120Hz,2020.2.4,119.98061120907352,
,,,,2,0,2,0,38,0,38,0,,,,,,,,,,,,,,,,,,,,,,,,,,,,,,,,,,,,,,,,,,,,,38,11.0,f,030_o_f_n_a.jpg,neutral,s,17,3,1019.198847200023,1019.494768060022,1019.717626000056,1019.8766078599496,1019.8812809998635,1019.9214767599245,1019.9266216000542,1020.4328497599112,a,0,1019.9266216000542,1020.4328497599112,1020.4436418998521,1021.5447917598998,0.4992367001250386,499.2367001250386,EMOCONPILOT014,2021_Jan_13_1630,EmoCon_Pilot_120Hz,2020.2.4,119.98061120907352,
,,,,2,0,2,0,39,0,39,0,,,,,,,,,,,,,,,,,,,,,,,,,,,,,,,,,,,,,,,,,,,,,39,5.0,m,027_o_m_n_a.jpg,neutral,s,1,3,1021.5477020000108,1021.844799259887,1022.0529873999767,1022.061343559972,1022.0618298999034,1022.0962470599683,1022.0961412999313,1023.7139512598281,None,0,1022.0961412999313,1023.7139512598281,1023.7188947000541,1025.2531964599389,,,EMOCONPILOT014,2021_Jan_13_1630,EmoCon_Pilot_120Hz,2020.2.4,119.98061120907352,
,,,,2,0,2,0,40,0,40,0,,,,,,,,,,,,,,,,,,,,,,,,,,,,,,,,,,,,,,,,,,,,,40,6.0,m,033_o_m_n_a.jpg,neutral,s,17,3,1025.256105300039,1025.5532875598642,1025.7599503998645,1025.921653259988,1025.9253489000257,1025.9660807598616,1025.9705465000588,1026.5080125599402,s,1,1025.9705465000588,1026.5080125599402,1026.5199350998737,1027.6034198598704,0.527304699877277,527.304699877277,EMOCONPILOT014,2021_Jan_13_1630,EmoCon_Pilot_120Hz,2020.2.4,119.98061120907352,
,,,,2,0,2,0,41,0,41,0,,,,,,,,,,,,,,,,,,,,,,,,,,,,,,,,,,,,,,,,,,,,,41,11.0,f,030_o_f_h_a.jpg,happy,d,17,3,1027.6091136999894,1027.9034176599002,1028.089579799911,1028.2494967598236,1028.25404839986,1028.2949815599482,1028.2999058999121,1028.797608559928,d,1,1028.2999058999121,1028.797608559928,1028.8094509998336,1030.211782859848,0.48600949998945,486.00949998945,EMOCONPILOT014,2021_Jan_13_1630,EmoCon_Pilot_120Hz,2020.2.4,119.98061120907352,
,,,,2,0,2,0,42,0,42,0,,,,,,,,,,,,,,,,,,,,,,,,,,,,,,,,,,,,,,,,,,,,,42,10.0,f,028_y_f_s_a.jpg,sad,a,17,3,1030.2159803998657,1030.5116694599624,1030.5345317998435,1030.6731111600297,1030.677836799994,1030.7187586598798,1030.7238137999084,1031.5479798598449,a,1,1030.7238137999084,1031.5479798598449,1031.5597162998747,1032.786695759953,0.8141203999985009,814.120399998501,EMOCONPILOT014,2021_Jan_13_1630,EmoCon_Pilot_120Hz,2020.2.4,119.98061120907352,
,,,,2,0,2,0,43,0,43,0,,,,,,,,,,,,,,,,,,,,,,,,,,,,,,,,,,,,,,,,,,,,,43,4.0,m,016_y_m_h_a.jpg,happy,d,1,3,1032.7894009999,1033.0866624598625,1033.1088814998511,1033.1172376598465,1033.1172869999427,1033.1546239598888,1033.1557670000475,1034.786454159976,None,0,1033.1557670000475,1034.786454159976,1034.786699899938,1036.7452356598574,,,EMOCONPILOT014,2021_Jan_13_1630,EmoCon_Pilot_120Hz,2020.2.4,119.98061120907352,
,,,,2,0,2,0,44,0,44,0,,,,,,,,,,,,,,,,,,,,,,,,,,,,,,,,,,,,,,,,,,,,,44,12.0,f,040_y_f_h_a.jpg,happy,d,17,3,1036.7491973999422,1037.0452097598231,1037.0692886998877,1037.2051316599595,1037.2086656000465,1037.2477306599963,1037.2530902998988,1037.6778167600046,d,1,1037.2530902998988,1037.6778167600046,1037.6812246998306,1039.6535369599937,0.4126938998233527,412.6938998233527,EMOCONPILOT014,2021_Jan_13_1630,EmoCon_Pilot_120Hz,2020.2.4,119.98061120907352,
,,,,2,0,2,0,45,0,45,0,,,,,,,,,,,,,,,,,,,,,,,,,,,,,,,,,,,,,,,,,,,,,45,4.0,m,016_y_m_s_a.jpg,sad,a,1,3,1039.6576628000475,1039.9535462599947,1039.9697578998748,1039.9781140598702,1039.9785557999276,1040.013754460006,1040.0132701999974,1041.6269567599288,None,0,1040.0132701999974,1041.6269567599288,1041.631834999891,1043.1452042599908,,,EMOCONPILOT014,2021_Jan_13_1630,EmoCon_Pilot_120Hz,2020.2.4,119.98061120907352,
,,,,2,0,2,0,46,0,46,0,,,,,,,,,,,,,,,,,,,,,,,,,,,,,,,,,,,,,,,,,,,,,46,1.0,m,004_o_m_n_a.jpg,neutral,s,17,3,1043.1480910000391,1043.445220160042,1043.6549927999731,1043.82387735995,1043.827345599886,1043.8682988600108,1043.8732427000068,1044.4514668599936,s,1,1043.8732427000068,1044.4514668599936,1044.4630589999724,1045.9453331599711,0.568629200104624,568.629200104624,EMOCONPILOT014,2021_Jan_13_1630,EmoCon_Pilot_120Hz,2020.2.4,119.98061120907352,
,,,,2,0,2,0,47,0,47,0,,,,,,,,,,,,,,,,,,,,,,,,,,,,,,,,,,,,,,,,,,,,,47,7.0,f,012_o_f_s_a.jpg,sad,a,1,3,1045.949418899836,1046.245357659855,1046.2672849998344,1046.2756411598298,1046.275736700045,1046.3131969598821,1046.3131609000266,1048.0404278598494,None,0,1046.3131609000266,1048.0404278598494,1048.0435327999294,1049.4204605598702,,,EMOCONPILOT014,2021_Jan_13_1630,EmoCon_Pilot_120Hz,2020.2.4,119.98061120907352,
,,,,2,0,2,0,48,0,48,0,,,,,,,,,,,,,,,,,,,,,,,,,,,,,,,,,,,,,,,,,,,,,48,3.0,m,013_y_m_s_a.jpg,sad,a,1,3,1049.4249102999456,1049.72039506,1049.742249700008,1049.7506058600034,1049.751196600031,1049.7882790600183,1049.7896707998589,1051.3853314600187,None,0,1049.7896707998589,1051.3853314600187,1051.3920173000079,1052.378805259918,,,EMOCONPILOT014,2021_Jan_13_1630,EmoCon_Pilot_120Hz,2020.2.4,119.98061120907352,
,,,,2,0,2,0,49,0,49,0,,,,,,,,,,,,,,,,,,,,,,,,,,,,,,,,,,,,,,,,,,,,,49,3.0,m,013_y_m_h_a.jpg,happy,d,17,3,1052.382795699872,1052.6787479598775,1052.9179418999702,1053.071450959868,1053.0756087999325,1053.114685159852,1053.1196913998574,1053.5977635599907,d,1,1053.1196913998574,1053.5977635599907,1053.608041399857,1055.5539089599392,0.4661927002016455,466.1927002016455,EMOCONPILOT014,2021_Jan_13_1630,EmoCon_Pilot_120Hz,2020.2.4,119.98061120907352,
,,,,2,0,2,0,50,0,50,0,,,,,,,,,,,,,,,,,,,,,,,,,,,,,,,,,,,,,,,,,,,,,50,1.0,m,004_o_m_n_a.jpg,neutral,s,1,3,1055.5570340999402,1055.8535436598818,1056.0361087999772,1056.0444649599726,1056.0445220998954,1056.0799409600208,1056.0801857998595,1057.7002016599058,None,0,1056.0801857998595,1057.7002016599058,1057.7043436998501,1058.9622759599938,,,EMOCONPILOT014,2021_Jan_13_1630,EmoCon_Pilot_120Hz,2020.2.4,119.98061120907352,
,,,,2,0,2,0,51,0,51,0,,,,,,,,,,,,,,,,,,,,,,,,,,,,,,,,,,,,,,,,,,,,,51,12.0,f,040_y_f_h_a.jpg,happy,d,17,3,1058.966324799927,1059.2623309599935,1059.2792358000297,1059.4139419598273,1059.418442199938,1059.4587658599253,1059.464035199955,1060.8886867598399,d,1,1059.464035199955,1060.8886867598399,1060.8999780998565,1062.8624151600293,1.4098849000874907,1409.8849000874907,EMOCONPILOT014,2021_Jan_13_1630,EmoCon_Pilot_120Hz,2020.2.4,119.98061120907352,
,,,,2,0,2,0,52,0,52,0,,,,,,,,,,,,,,,,,,,,,,,,,,,,,,,,,,,,,,,,,,,,,52,1.0,m,004_o_m_s_a.jpg,sad,a,1,3,1062.8679144999478,1063.1624307599618,1063.184695399832,1063.1930515598274,1063.1933718998916,1063.2301720599412,1063.2301674999762,1065.0263934598538,None,0,1063.2301674999762,1065.0263934598538,1065.0338844999205,1066.812538159988,,,EMOCONPILOT014,2021_Jan_13_1630,EmoCon_Pilot_120Hz,2020.2.4,119.98061120907352,
,,,,2,0,2,0,53,0,53,0,,,,,,,,,,,,,,,,,,,,,,,,,,,,,,,,,,,,,,,,,,,,,53,4.0,m,016_y_m_n_a.jpg,neutral,s,1,3,1066.8168911999092,1067.1124605599093,1067.354408599902,1067.3627647598973,1067.3661459998693,1067.4050456599566,1067.4103606999852,1069.1327280599858,None,0,1067.4103606999852,1069.1327280599858,1069.135166299995,1070.8542370600394,,,EMOCONPILOT014,2021_Jan_13_1630,EmoCon_Pilot_120Hz,2020.2.4,119.98061120907352,
,,,,2,0,2,0,54,0,54,0,,,,,,,,,,,,,,,,,,,,,,,,,,,,,,,,,,,,,,,,,,,,,54,1.0,m,004_o_m_s_a.jpg,sad,a,17,3,1070.8597544999793,1071.154248859943,1071.1741116999183,1071.3060120600044,1071.3106217000168,1071.350410159887,1071.3548762998544,1071.925009259931,a,1,1071.3548762998544,1071.925009259931,1071.9341261999216,1072.945901059988,0.5592012999113649,559.2012999113649,EMOCONPILOT014,2021_Jan_13_1630,EmoCon_Pilot_120Hz,2020.2.4,119.98061120907352,
,,,,2,0,2,0,55,0,55,0,,,,,,,,,,,,,,,,,,,,,,,,,,,,,,,,,,,,,,,,,,,,,55,2.0,m,008_y_m_h_a.jpg,happy,d,17,3,1072.949493400054,1073.246022159909,1073.2583435999695,1073.3892342599343,1073.3918472998776,1073.4304824599299,1073.4322252999991,1073.8692319600145,s,0,1073.4322252999991,1073.8692319600145,1073.8776893999893,1075.462658859999,0.42573100002482533,425.73100002482533,EMOCONPILOT014,2021_Jan_13_1630,EmoCon_Pilot_120Hz,2020.2.4,119.98061120907352,
,,,,2,0,2,0,56,0,56,0,,,,,,,,,,,,,,,,,,,,,,,,,,,,,,,,,,,,,,,,,,,,,56,9.0,f,021_o_f_s_a.jpg,sad,a,1,3,1075.4665818999056,1075.7627239599592,1075.7830076999962,1075.7913638599916,1075.7922340999357,1075.8261403599522,1075.8259025998414,1077.4300951598912,None,0,1075.8259025998414,1077.4300951598912,1077.4341443998273,1078.9624697598397,,,EMOCONPILOT014,2021_Jan_13_1630,EmoCon_Pilot_120Hz,2020.2.4,119.98061120907352,
,,,,2,0,2,0,57,0,57,0,,,,,,,,,,,,,,,,,,,,,,,,,,,,,,,,,,,,,,,,,,,,,57,7.0,f,012_o_f_n_a.jpg,neutral,s,17,3,1078.9626613999717,1079.2628520598869,1079.487834899919,1079.6516699599802,1079.656462999992,1079.6965539599537,1079.7015885000583,1080.1851035598434,s,1,1079.7015885000583,1080.1851035598434,1080.1944309999235,1081.8877830598271,0.4762521998491138,476.2521998491138,EMOCONPILOT014,2021_Jan_13_1630,EmoCon_Pilot_120Hz,2020.2.4,119.98061120907352,
,,,,2,0,2,0,58,0,58,0,,,,,,,,,,,,,,,,,,,,,,,,,,,,,,,,,,,,,,,,,,,,,58,1.0,m,004_o_m_h_a.jpg,happy,d,1,3,1081.8920215000398,1082.1877711598995,1082.3824827000499,1082.3908388600453,1082.3915227998514,1082.426064260048,1082.4263277000282,1084.1774871598232,None,0,1082.4263277000282,1084.1774871598232,1084.184738599928,1085.304510059976,,,EMOCONPILOT014,2021_Jan_13_1630,EmoCon_Pilot_120Hz,2020.2.4,119.98061120907352,
,,,,2,0,2,0,59,0,59,0,,,,,,,,,,,,,,,,,,,,,,,,,,,,,,,,,,,,,,,,,,,,,59,8.0,f,019_m_f_h_a.jpg,happy,d,17,3,1085.3085833999794,1085.604525059904,1085.6265215999447,1085.7645678599133,1085.7680301999208,1085.805759259942,1085.809131299844,1086.2933914598311,d,1,1085.809131299844,1086.2933914598311,1086.3039762000553,1087.8795994599118,0.47296769986860454,472.96769986860454,EMOCONPILOT014,2021_Jan_13_1630,EmoCon_Pilot_120Hz,2020.2.4,119.98061120907352,
,,,,2,0,2,0,60,0,60,0,,,,,,,,,,,,,,,,,,,,,,,,,,,,,,,,,,,,,,,,,,,,,60,6.0,m,033_o_m_s_a.jpg,sad,a,1,3,1087.8850821000524,1088.1797166599194,1088.2052817000076,1088.213637860003,1088.213629799895,1088.24948625986,1088.2494765999727,1089.9713764600224,None,0,1088.2494765999727,1089.9713764600224,1089.9783874000423,1091.2796192599694,,,EMOCONPILOT014,2021_Jan_13_1630,EmoCon_Pilot_120Hz,2020.2.4,119.98061120907352,
,,,,2,0,2,0,61,0,61,0,,,,,,,,,,,,,,,,,,,,,,,,,,,,,,,,,,,,,,,,,,,,,61,1.0,m,004_o_m_h_a.jpg,happy,d,1,3,1091.2837020000443,1091.5796687600437,1091.794325799914,1091.8026819599095,1091.8042537998408,1091.8449680600083,1091.8499535999727,1093.6803918599385,None,0,1091.8499535999727,1093.6803918599385,1093.687606899999,1095.3130383598386,,,EMOCONPILOT014,2021_Jan_13_1630,EmoCon_Pilot_120Hz,2020.2.4,119.98061120907352,
,,,,2,0,2,0,62,0,62,0,,,,,,,,,,,,,,,,,,,,,,,,,,,,,,,,,,,,,,,,,,,,,62,3.0,m,013_y_m_h_a.jpg,happy,d,17,3,1095.3171633998863,1095.6130437599263,1095.848843100015,1096.0029096598505,1096.0069581000134,1096.04765205991,1096.052875699941,1096.5597811599496,d,1,1096.052875699941,1096.5597811599496,1096.571475500008,1097.6214742599755,0.49317839997820556,493.17839997820556,EMOCONPILOT014,2021_Jan_13_1630,EmoCon_Pilot_120Hz,2020.2.4,119.98061120907352,
,,,,2,0,2,0,63,0,63,0,,,,,,,,,,,,,,,,,,,,,,,,,,,,,,,,,,,,,,,,,,,,,63,12.0,f,040_y_f_n_a.jpg,neutral,s,1,3,1097.6275253999047,1097.9214400599944,1098.1463317000307,1098.1546878600261,1098.155072499998,1098.1891437598738,1098.1891329998616,1099.9228171598866,None,0,1098.1891329998616,1099.9228171598866,1099.92563289986,1100.9714954599972,,,EMOCONPILOT014,2021_Jan_13_1630,EmoCon_Pilot_120Hz,2020.2.4,119.98061120907352,
,,,,2,0,2,0,64,0,64,0,,,,,,,,,,,,,,,,,,,,,,,,,,,,,,,,,,,,,,,,,,,,,64,2.0,m,008_y_m_h_a.jpg,happy,d,17,3,1100.9752199999057,1101.271561559965,1101.2958859000355,1101.4315253598384,1101.4350761000533,1101.4727489598795,1101.4761289998423,1102.0008937599837,d,1,1101.4761289998423,1102.0008937599837,1102.0123256000225,1103.8216029598611,0.5177656000014395,517.7656000014395,EMOCONPILOT014,2021_Jan_13_1630,EmoCon_Pilot_120Hz,2020.2.4,119.98061120907352,
,,,,2,0,2,0,65,0,65,0,,,,,,,,,,,,,,,,,,,,,,,,,,,,,,,,,,,,,,,,,,,,,65,4.0,m,016_y_m_s_a.jpg,sad,a,1,3,1103.8267484998796,1104.1216855598382,1104.1433655000292,1104.1517216600246,1104.1517972999718,1104.1895042599413,1104.1895846000407,1105.8513852599776,None,0,1104.1895846000407,1105.8513852599776,1105.8581061998848,1107.6716457600473,,,EMOCONPILOT014,2021_Jan_13_1630,EmoCon_Pilot_120Hz,2020.2.4,119.98061120907352,
,,,,2,0,2,0,66,0,66,0,,,,,,,,,,,,,,,,,,,,,,,,,,,,,,,,,,,,,,,,,,,,,66,6.0,m,033_o_m_s_a.jpg,sad,a,1,3,1107.6757469000295,1107.971675159852,1107.9828862999566,1107.991242459952,1107.991690600058,1108.0277447600151,1108.0291221998632,1109.6205289598788,None,0,1108.0291221998632,1109.6205289598788,1109.6242716999259,1111.4718348600204,,,EMOCONPILOT014,2021_Jan_13_1630,EmoCon_Pilot_120Hz,2020.2.4,119.98061120907352,
,,,,2,0,2,0,67,0,67,0,,,,,,,,,,,,,,,,,,,,,,,,,,,,,,,,,,,,,,,,,,,,,67,8.0,f,019_m_f_s_a.jpg,sad,a,17,3,1111.4759978998918,1111.7718736598968,1112.0177108000498,1112.1879336598563,1112.1925641999114,1112.2339533599793,1112.2384251998737,1112.8667320599548,a,1,1112.2384251998737,1112.8667320599548,1112.8778522999492,1114.3718295600033,0.6117481000255793,611.7481000255793,EMOCONPILOT014,2021_Jan_13_1630,EmoCon_Pilot_120Hz,2020.2.4,119.98061120907352,
,,,,2,0,2,0,68,0,68,0,,,,,,,,,,,,,,,,,,,,,,,,,,,,,,,,,,,,,,,,,,,,,68,6.0,m,033_o_m_n_a.jpg,neutral,s,1,3,1114.3778788999189,1114.6718355598628,1114.8709215000272,1114.8792776600226,1114.8801491998602,1114.9149637599244,1114.9147934999783,1116.4900145600318,None,0,1114.9147934999783,1116.4900145600318,1116.4922295999713,1118.2634629599984,,,EMOCONPILOT014,2021_Jan_13_1630,EmoCon_Pilot_120Hz,2020.2.4,119.98061120907352,
,,,,2,0,2,0,69,0,69,0,,,,,,,,,,,,,,,,,,,,,,,,,,,,,,,,,,,,,,,,,,,,,69,3.0,m,013_y_m_n_a.jpg,neutral,s,17,3,1118.266406599898,1118.5635646600044,1118.7983295999002,1118.9529305598467,1118.956259700004,1118.9968743598788,1119.0018934998661,1119.6209783600411,s,1,1119.0018934998661,1119.6209783600411,1119.6307238000445,1121.4969687598991,0.6082723999861628,608.2723999861628,EMOCONPILOT014,2021_Jan_13_1630,EmoCon_Pilot_120Hz,2020.2.4,119.98061120907352,
,,,,2,0,2,0,70,0,70,0,,,,,,,,,,,,,,,,,,,,,,,,,,,,,,,,,,,,,,,,,,,,,70,1.0,m,004_o_m_h_a.jpg,happy,d,1,3,1121.5010307999328,1121.7969610600035,1121.9854772998951,1121.9938334598905,1121.9938050999772,1122.0314934600378,1122.0315383998677,1123.7062629598427,None,0,1122.0315383998677,1123.7062629598427,1123.7110337999184,1125.2470971599455,,,EMOCONPILOT014,2021_Jan_13_1630,EmoCon_Pilot_120Hz,2020.2.4,119.98061120907352,
,,,,2,0,2,0,71,0,71,0,,,,,,,,,,,,,,,,,,,,,,,,,,,,,,,,,,,,,,,,,,,,,71,4.0,m,016_y_m_n_a.jpg,neutral,s,1,3,1125.2525799998548,1125.54709295996,1125.7878804998472,1125.7962366598426,1125.7966712999623,1125.831542859995,1125.8326921998523,1127.4238164599287,None,0,1125.8326921998523,1127.4238164599287,1127.4287737999111,1129.1137797599426,,,EMOCONPILOT014,2021_Jan_13_1630,EmoCon_Pilot_120Hz,2020.2.4,119.98061120907352,
,,,,2,0,2,0,72,0,72,0,,,,,,,,,,,,,,,,,,,,,,,,,,,,,,,,,,,,,,,,,,,,,72,5.0,m,027_o_m_s_a.jpg,sad,a,1,3,1129.118778700009,1129.4138356598328,1129.4278624998406,1129.436218659836,1129.4365293998271,1129.4733429599787,1129.4745612998959,1131.0969104598976,None,0,1129.4745612998959,1131.0969104598976,1131.10152009991,1132.9889446599177,,,EMOCONPILOT014,2021_Jan_13_1630,EmoCon_Pilot_120Hz,2020.2.4,119.98061120907352,
,,,,2,0,2,0,73,0,73,0,,,,,,,,,,,,,,,,,,,,,,,,,,,,,,,,,,,,,,,,,,,,,73,2.0,m,008_y_m_n_a.jpg,neutral,s,17,3,1132.9935752998572,1133.2889642598807,1133.5271164998412,1133.6777715598932,1133.6810147999786,1133.7181375599234,1133.721114099957,1134.2835619598395,s,1,1133.721114099957,1134.2835619598395,1134.2933088999707,1135.297216959973,0.5528214001096785,552.8214001096785,EMOCONPILOT014,2021_Jan_13_1630,EmoCon_Pilot_120Hz,2020.2.4,119.98061120907352,
,,,,2,0,2,0,74,0,74,0,,,,,,,,,,,,,,,,,,,,,,,,,,,,,,,,,,,,,,,,,,,,,74,8.0,f,019_m_f_h_a.jpg,happy,d,17,3,1135.3012124998495,1135.597322460008,1135.6205664998852,1135.7574105600129,1135.7620321998838,1135.8028700598284,1135.808115700027,1136.5675626599464,d,1,1135.808115700027,1136.5675626599464,1136.5741985000204,1138.1972996599275,0.7457711000461131,745.7711000461131,EMOCONPILOT014,2021_Jan_13_1630,EmoCon_Pilot_120Hz,2020.2.4,119.98061120907352,
,,,,2,0,2,0,75,0,75,0,,,,,,,,,,,,,,,,,,,,,,,,,,,,,,,,,,,,,,,,,,,,,75,2.0,m,008_y_m_n_a.jpg,neutral,s,17,3,1138.2026304998435,1138.4973274599529,1138.7275584000163,1138.8934286599747,1138.8972839999478,1138.9379739600467,1138.943235799903,1139.4372174599907,s,1,1138.943235799903,1139.4372174599907,1139.449058600003,1140.7556786599803,0.48269319999963045,482.69319999963045,EMOCONPILOT014,2021_Jan_13_1630,EmoCon_Pilot_120Hz,2020.2.4,119.98061120907352,
,,,,2,0,2,0,76,0,76,0,,,,,,,,,,,,,,,,,,,,,,,,,,,,,,,,,,,,,,,,,,,,,76,12.0,f,040_y_f_h_a.jpg,happy,d,1,3,1140.7597618999425,1141.0556969600498,1141.0806978000328,1141.0890539600282,1141.089680999983,1141.1243995600148,1141.1241351999342,1142.8101308599348,None,0,1141.1241351999342,1142.8101308599348,1142.8178645998705,1144.6474964599824,,,EMOCONPILOT014,2021_Jan_13_1630,EmoCon_Pilot_120Hz,2020.2.4,119.98061120907352,
,,,,2,0,2,0,77,0,77,0,,,,,,,,,,,,,,,,,,,,,,,,,,,,,,,,,,,,,,,,,,,,,77,3.0,m,013_y_m_h_a.jpg,happy,d,17,3,1144.653140899958,1144.9474947598997,1145.1790938999038,1145.330028759991,1145.333353899885,1145.3738865598339,1145.3776765000075,1145.8974516598742,d,1,1145.3776765000075,1145.8974516598742,1145.9078321999405,1147.0974848598476,0.5125803998671472,512.5803998671472,EMOCONPILOT014,2021_Jan_13_1630,EmoCon_Pilot_120Hz,2020.2.4,119.98061120907352,
,,,,2,0,2,0,78,0,78,0,,,,,,,,,,,,,,,,,,,,,,,,,,,,,,,,,,,,,,,,,,,,,78,8.0,f,019_m_f_s_a.jpg,sad,a,1,3,1147.1016199998558,1147.3975689599524,1147.6387828998268,1147.6471390598222,1147.6478162999265,1147.683294659923,1147.6827590998728,1149.4801870598226,None,0,1147.6827590998728,1149.4801870598226,1149.4866788999643,1150.830916559999,,,EMOCONPILOT014,2021_Jan_13_1630,EmoCon_Pilot_120Hz,2020.2.4,119.98061120907352,
,,,,2,0,2,0,79,0,79,0,,,,,,,,,,,,,,,,,,,,,,,,,,,,,,,,,,,,,,,,,,,,,79,10.0,f,028_y_f_h_a.jpg,happy,d,17,3,1150.8360677999444,1151.130913659907,1151.144863100024,1151.282644659956,1151.2861367999576,1151.3238394600107,1151.3273410999682,1151.8414682599018,d,1,1151.3273410999682,1151.8414682599018,1151.8512263998855,1152.9393222599524,0.4988344998564571,498.8344998564571,EMOCONPILOT014,2021_Jan_13_1630,EmoCon_Pilot_120Hz,2020.2.4,119.98061120907352,
,,,,2,0,2,0,80,0,80,0,,,,,,,,,,,,,,,,,,,,,,,,,,,,,,,,,,,,,,,,,,,,,80,4.0,m,016_y_m_s_a.jpg,sad,a,17,3,1152.9447077000514,1153.239334459859,1153.2555448999628,1153.3909853598802,1153.394164599944,1153.4339434599738,1153.4384769999888,1154.343470660015,s,0,1153.4384769999888,1154.343470660015,1154.3552250999492,1155.6559884599178,0.8914723000489175,891.4723000489175,EMOCONPILOT014,2021_Jan_13_1630,EmoCon_Pilot_120Hz,2020.2.4,119.98061120907352,
,,,,2,0,2,0,81,0,81,0,,,,,,,,,,,,,,,,,,,,,,,,,,,,,,,,,,,,,,,,,,,,,81,2.0,m,008_y_m_h_a.jpg,happy,d,17,3,1155.6601733998396,1155.9560045599706,1155.9801572998986,1156.1159831599566,1156.1191237999592,1156.1572964598658,1156.1605227000546,1156.9058670599247,d,1,1156.1605227000546,1156.9058670599247,1156.917421199847,1158.6978634600296,0.7374615001026541,737.4615001026541,EMOCONPILOT014,2021_Jan_13_1630,EmoCon_Pilot_120Hz,2020.2.4,119.98061120907352,
,,,,2,0,2,0,82,0,82,0,,,,,,,,,,,,,,,,,,,,,,,,,,,,,,,,,,,,,,,,,,,,,82,1.0,m,004_o_m_n_a.jpg,neutral,s,17,3,1158.7031397998799,1158.997788159852,1159.1985406000167,1159.3562483598712,1159.3609175998718,1159.4004719599384,1159.404070599936,1159.8509847598384,s,1,1159.404070599936,1159.8509847598384,1159.8617316000164,1161.4145778598963,0.43836969998665154,438.36969998665154,EMOCONPILOT014,2021_Jan_13_1630,EmoCon_Pilot_120Hz,2020.2.4,119.98061120907352,
,,,,2,0,2,0,83,0,83,0,,,,,,,,,,,,,,,,,,,,,,,,,,,,,,,,,,,,,,,,,,,,,83,7.0,f,012_o_f_h_a.jpg,happy,d,1,3,1161.4199665000197,1161.7144765599865,1161.7358408998698,1161.7441970598652,1161.7448882998433,1161.7823180600303,1161.7822606998961,1163.4036290598801,None,0,1161.7822606998961,1163.4036290598801,1163.4083424999844,1164.764647859824,,,EMOCONPILOT014,2021_Jan_13_1630,EmoCon_Pilot_120Hz,2020.2.4,119.98061120907352,
,,,,2,0,2,0,84,0,84,0,,,,,,,,,,,,,,,,,,,,,,,,,,,,,,,,,,,,,,,,,,,,,84,9.0,f,021_o_f_h_a.jpg,happy,d,1,3,1164.7687194000464,1165.0645538598533,1165.2720415999647,1165.2803977599601,1165.2811956999358,1165.3163316598861,1165.3166260998696,1166.919405559986,None,0,1165.3166260998696,1166.919405559986,1166.9241820999887,1167.973074760032,,,EMOCONPILOT014,2021_Jan_13_1630,EmoCon_Pilot_120Hz,2020.2.4,119.98061120907352,
,,,,2,0,2,0,85,0,85,0,,,,,,,,,,,,,,,,,,,,,,,,,,,,,,,,,,,,,,,,,,,,,85,10.0,f,028_y_f_h_a.jpg,happy,d,1,3,1167.9785441998392,1168.2729934600416,1168.2890443999786,1168.297400559974,1168.2975440998562,1168.3323430600344,1168.3338085999712,1169.9423300600379,None,0,1168.3338085999712,1169.9423300600379,1169.9473965000361,1171.8147030598252,,,EMOCONPILOT014,2021_Jan_13_1630,EmoCon_Pilot_120Hz,2020.2.4,119.98061120907352,
,,,,2,0,2,0,86,0,86,0,,,,,,,,,,,,,,,,,,,,,,,,,,,,,,,,,,,,,,,,,,,,,86,4.0,m,016_y_m_s_a.jpg,sad,a,1,3,1171.8189755999483,1172.1147110599327,1172.1357908998616,1172.144147059857,1172.1448933999054,1172.1824578598375,1172.182469899999,1173.8064548598836,None,0,1172.182469899999,1173.8064548598836,1173.8113901999313,1175.5482496600366,,,EMOCONPILOT014,2021_Jan_13_1630,EmoCon_Pilot_120Hz,2020.2.4,119.98061120907352,
,,,,2,0,2,0,87,0,87,0,,,,,,,,,,,,,,,,,,,,,,,,,,,,,,,,,,,,,,,,,,,,,87,6.0,m,033_o_m_s_a.jpg,sad,a,17,3,1175.5534129999578,1175.8481447598665,1175.8713014000095,1176.008136459836,1176.013115099864,1176.052704659966,1176.0578882999253,1176.6750385600376,s,0,1176.0578882999253,1176.6750385600376,1176.6829055999406,1178.439914460038,0.6079804000910372,607.9804000910372,EMOCONPILOT014,2021_Jan_13_1630,EmoCon_Pilot_120Hz,2020.2.4,119.98061120907352,
,,,,2,0,2,0,88,0,88,0,,,,,,,,,,,,,,,,,,,,,,,,,,,,,,,,,,,,,,,,,,,,,88,12.0,f,040_y_f_s_a.jpg,sad,a,1,3,1178.4441325999796,1178.7398503599456,1178.7650210999418,1178.7733772599372,1178.7733960000332,1178.8095006600256,1178.8098998998757,1180.3337242598413,None,0,1178.8098998998757,1180.3337242598413,1180.3387048998848,1181.5732394598658,,,EMOCONPILOT014,2021_Jan_13_1630,EmoCon_Pilot_120Hz,2020.2.4,119.98061120907352,
,,,,2,0,2,0,89,0,89,0,,,,,,,,,,,,,,,,,,,,,,,,,,,,,,,,,,,,,,,,,,,,,89,3.0,m,013_y_m_s_a.jpg,sad,a,17,3,1181.577383399941,1181.8732596598334,1181.888523499947,1182.0248727600324,1182.0276830999646,1182.0660544598709,1182.0687926998362,1182.8765070598806,a,1,1182.0687926998362,1182.8765070598806,1182.8849675999954,1184.2733917599312,0.7971592000685632,797.1592000685632,EMOCONPILOT014,2021_Jan_13_1630,EmoCon_Pilot_120Hz,2020.2.4,119.98061120907352,
,,,,2,0,2,0,90,0,90,0,,,,,,,,,,,,,,,,,,,,,,,,,,,,,,,,,,,,,,,,,,,,,90,2.0,m,008_y_m_s_a.jpg,sad,a,17,3,1184.2796528998297,1184.573391059856,1184.8200357998721,1184.9777202598984,1184.9823767000344,1185.0230910598534,1185.0283116998617,1185.465357259824,a,1,1185.0283116998617,1185.465357259824,1185.4736903999,1186.9650539599593,0.4216678999364376,421.6678999364376,EMOCONPILOT014,2021_Jan_13_1630,EmoCon_Pilot_120Hz,2020.2.4,119.98061120907352,
,,,,2,0,2,0,91,0,91,0,,,,,,,,,,,,,,,,,,,,,,,,,,,,,,,,,,,,,,,,,,,,,91,7.0,f,012_o_f_s_a.jpg,sad,a,1,3,1186.9704153998755,1187.2650735599223,1187.2901707999408,1187.2985269599362,1187.2993796998635,1187.3347377599916,1187.3343281999696,1188.8802022598452,None,0,1187.3343281999696,1188.8802022598452,1188.884177000029,1190.6651969598374,,,EMOCONPILOT014,2021_Jan_13_1630,EmoCon_Pilot_120Hz,2020.2.4,119.98061120907352,
,,,,2,0,2,0,92,0,92,0,,,,,,,,,,,,,,,,,,,,,,,,,,,,,,,,,,,,,,,,,,,,,92,7.0,f,012_o_f_h_a.jpg,happy,d,1,3,1190.6711329000536,1190.965199260018,1190.989258900052,1190.9976150600473,1190.9978018000256,1191.0349630599144,1191.0356635998469,1192.676634059963,None,0,1191.0356635998469,1192.676634059963,1192.6826867999043,1194.2651806599229,,,EMOCONPILOT014,2021_Jan_13_1630,EmoCon_Pilot_120Hz,2020.2.4,119.98061120907352,
,,,,2,0,2,0,93,0,93,0,,,,,,,,,,,,,,,,,,,,,,,,,,,,,,,,,,,,,,,,,,,,,93,10.0,f,028_y_f_n_a.jpg,neutral,s,17,3,1194.2693471999373,1194.5651635599556,1194.7673009999562,1194.9257032598603,1194.9304418000393,1194.9713516598335,1194.9764695998747,1195.6060551600299,s,1,1194.9764695998747,1195.6060551600299,1195.6175998998806,1197.473582060053,0.6175400998909026,617.5400998909026,EMOCONPILOT014,2021_Jan_13_1630,EmoCon_Pilot_120Hz,2020.2.4,119.98061120907352,
,,,,2,0,2,0,94,0,94,0,,,,,,,,,,,,,,,,,,,,,,,,,,,,,,,,,,,,,,,,,,,,,94,9.0,f,021_o_f_n_a.jpg,neutral,s,17,3,1197.4782008999027,1197.7735802598531,1197.9836911999155,1198.1443964598934,1198.149383299984,1198.1903267600342,1198.19530939986,1198.6748929598602,s,1,1198.19530939986,1198.6748929598602,1198.6863456999417,1200.3569693600061,0.46282820007763803,462.82820007763803,EMOCONPILOT014,2021_Jan_13_1630,EmoCon_Pilot_120Hz,2020.2.4,119.98061120907352,
,,,,2,0,2,0,95,0,95,0,,,,,,,,,,,,,,,,,,,,,,,,,,,,,,,,,,,,,,,,,,,,,95,6.0,m,033_o_m_s_a.jpg,sad,a,1,3,1200.3611299998593,1200.656969459937,1200.6789096000139,1200.6872657600093,1200.6879461000208,1200.7248557598564,1200.7246455999557,1202.3589246598772,None,0,1200.7246455999557,1202.3589246598772,1202.3655109000392,1204.1570986599895,,,EMOCONPILOT014,2021_Jan_13_1630,EmoCon_Pilot_120Hz,2020.2.4,119.98061120907352,
,,,,2,0,2,0,96,0,96,0,,,,,,,,,,,,,,,,,,,,,,,,,,,,,,,,,,,,,,,,,,,,,96,1.0,m,004_o_m_s_a.jpg,sad,a,17,3,1204.1625071000308,1204.4570981599159,1204.4815187999047,1204.6170761598974,1204.6198590998538,1204.6582870599582,1204.6620236998424,1205.1488952599234,a,1,1204.6620236998424,1205.1488952599234,1205.1595401999075,1206.2321997598979,0.4760029998142272,476.0029998142272,EMOCONPILOT014,2021_Jan_13_1630,EmoCon_Pilot_120Hz,2020.2.4,119.98061120907352,
,,,,2,0,2,0,97,0,97,0,,,,,,,,,,,,,,,,,,,,,,,,,,,,,,,,,,,,,,,,,,,,,97,7.0,f,012_o_f_n_a.jpg,neutral,s,17,3,1206.2381396999117,1206.5322408599081,1206.8739201000426,1207.035836959933,1207.0392926998902,1207.078823860013,1207.0839639999904,1207.6771506599384,s,1,1207.0839639999904,1207.6771506599384,1207.6818649999332,1209.5572773599765,0.5818857001140714,581.8857001140714,EMOCONPILOT014,2021_Jan_13_1630,EmoCon_Pilot_120Hz,2020.2.4,119.98061120907352,
,,,,2,0,2,0,98,0,98,0,,,,,,,,,,,,,,,,,,,,,,,,,,,,,,,,,,,,,,,,,,,,,98,4.0,m,016_y_m_h_a.jpg,happy,d,1,3,1209.5626381000038,1209.8573037599913,1209.8827881999314,1209.8911443599268,1209.8920872998424,1209.9275861598785,1209.9272372999694,1211.648502759845,None,0,1209.9272372999694,1211.648502759845,1211.6555323000066,1213.2323394599139,,,EMOCONPILOT014,2021_Jan_13_1630,EmoCon_Pilot_120Hz,2020.2.4,119.98061120907352,
,,,,2,0,2,0,99,0,99,0,,,,,,,,,,,,,,,,,,,,,,,,,,,,,,,,,,,,,,,,,,,,,99,5.0,m,027_o_m_s_a.jpg,sad,a,1,3,1213.2383801999968,1213.532277059951,1213.5474182998296,1213.555774459825,1213.5556948999874,1213.591659559845,1213.5916395999957,1215.3288415600314,None,0,1213.5916395999957,1215.3288415600314,1215.3355592999142,1216.3990418598755,,,EMOCONPILOT014,2021_Jan_13_1630,EmoCon_Pilot_120Hz,2020.2.4,119.98061120907352,
,,,,2,0,2,0,100,0,100,0,,,,,,,,,,,,,,,,,,,,,,,,,,,,,,,,,,,,,,,,,,,,,100,3.0,m,013_y_m_s_a.jpg,sad,a,17,3,1216.4041627999395,1216.6990313599586,1216.71519729984,1216.8505957599032,1216.8537890999578,1216.891900159861,1216.894743300043,1217.6735289599515,a,1,1216.894743300043,1217.6735289599515,1217.6800042998511,1219.3907012599288,0.7713643000461161,771.3643000461161,EMOCONPILOT014,2021_Jan_13_1630,EmoCon_Pilot_120Hz,2020.2.4,119.98061120907352,
,,,,2,0,2,0,101,0,101,0,,,,,,,,,,,,,,,,,,,,,,,,,,,,,,,,,,,,,,,,,,,,,101,10.0,f,028_y_f_n_a.jpg,neutral,s,17,3,1219.3946004000027,1219.6907745599515,1219.898158799857,1220.063510259823,1220.0682504000142,1220.1092193599093,1220.1143465000205,1220.633800660004,s,1,1220.1143465000205,1220.633800660004,1220.6429953998886,1221.940725960047,0.5037829000502825,503.7829000502825,EMOCONPILOT014,2021_Jan_13_1630,EmoCon_Pilot_120Hz,2020.2.4,119.98061120907352,
,,,,2,0,2,0,102,0,102,0,,,,,,,,,,,,,,,,,,,,,,,,,,,,,,,,,,,,,,,,,,,,,102,11.0,f,030_o_f_s_a.jpg,sad,a,1,3,1221.9447965999134,1222.2408360598843,1222.4394799999427,1222.447836159938,1222.4485359999817,1222.4836134598359,1222.483402499929,1224.0591640600237,None,0,1222.483402499929,1224.0591640600237,1224.0645953000057,1225.257518959907,,,EMOCONPILOT014,2021_Jan_13_1630,EmoCon_Pilot_120Hz,2020.2.4,119.98061120907352,
,,,,2,0,2,0,103,0,103,0,,,,,,,,,,,,,,,,,,,,,,,,,,,,,,,,,,,,,,,,,,,,,103,10.0,f,028_y_f_h_a.jpg,happy,d,17,3,1225.261546799913,1225.557516460051,1225.580672599841,1225.717558359937,1225.720838899957,1225.7586985600415,1225.761392599903,1226.5223914598814,d,1,1225.761392599903,1226.5223914598814,1226.5313251998741,1227.6075634599897,0.7445900000166148,744.5900000166148,EMOCONPILOT014,2021_Jan_13_1630,EmoCon_Pilot_120Hz,2020.2.4,119.98061120907352,
,,,,2,0,2,0,104,0,104,0,,,,,,,,,,,,,,,,,,,,,,,,,,,,,,,,,,,,,,,,,,,,,104,5.0,m,027_o_m_n_a.jpg,neutral,s,17,3,1227.6117740999907,1227.9075540599647,1228.1210837999824,1228.280877860007,1228.2850430000108,1228.3259137598566,1228.3310288998764,1230.1580405598274,None,0,1228.3310288998764,1230.1580405598274,1230.1643868000247,1231.4493316600333,,,EMOCONPILOT014,2021_Jan_13_1630,EmoCon_Pilot_120Hz,2020.2.4,119.98061120907352,
,,,,2,0,2,0,105,0,105,0,,,,,,,,,,,,,,,,,,,,,,,,,,,,,,,,,,,,,,,,,,,,,105,10.0,f,028_y_f_h_a.jpg,happy,d,1,3,1231.4536110998597,1231.7493636598579,1231.7741517999675,1231.782507959963,1231.7844004998915,1231.8213183600224,1231.8229805000592,1233.4024630598492,None,0,1231.8229805000592,1233.4024630598492,1233.4065367998555,1234.6077760599787,,,EMOCONPILOT014,2021_Jan_13_1630,EmoCon_Pilot_120Hz,2020.2.4,119.98061120907352,
,,,,2,0,2,0,106,0,106,0,,,,,,,,,,,,,,,,,,,,,,,,,,,,,,,,,,,,,,,,,,,,,106,8.0,f,019_m_f_n_a.jpg,neutral,s,1,3,1234.6107671998907,1234.9076933599777,1235.1581021000165,1235.166458260012,1235.1674315999262,1235.2082118598978,1235.213403899921,1237.0436835598434,None,0,1235.213403899921,1237.0436835598434,1237.0511155999266,1238.2743625598728,,,EMOCONPILOT014,2021_Jan_13_1630,EmoCon_Pilot_120Hz,2020.2.4,119.98061120907352,
,,,,2,0,2,0,107,0,107,0,,,,,,,,,,,,,,,,,,,,,,,,,,,,,,,,,,,,,,,,,,,,,107,8.0,f,019_m_f_s_a.jpg,sad,a,1,3,1238.2772784999106,1238.5743791600457,1238.797997900052,1238.8063540600474,1238.807196599897,1238.8476391599747,1238.8525201999582,1240.5465642600088,None,0,1238.8525201999582,1240.5465642600088,1240.5506110999268,1241.6244389598492,,,EMOCONPILOT014,2021_Jan_13_1630,EmoCon_Pilot_120Hz,2020.2.4,119.98061120907352,
,,,,2,0,2,0,108,0,108,0,,,,,,,,,,,,,,,,,,,,,,,,,,,,,,,,,,,,,,,,,,,,,108,8.0,f,019_m_f_n_a.jpg,neutral,s,17,3,1241.6273184998427,1241.9245257598582,1242.1628637998365,1242.3248006598792,1242.3295715998393,1242.3678808598547,1242.3724328000098,1243.0934552598978,s,1,1242.3724328000098,1243.0934552598978,1243.1036356999539,1244.2747253598413,0.709802099969238,709.802099969238,EMOCONPILOT014,2021_Jan_13_1630,EmoCon_Pilot_120Hz,2020.2.4,119.98061120907352,
,,,,2,0,2,0,109,0,109,0,,,,,,,,,,,,,,,,,,,,,,,,,,,,,,,,,,,,,,,,,,,,,109,12.0,f,040_y_f_s_a.jpg,sad,a,17,3,1244.2801081000362,1244.5746828599135,1244.6005779998377,1244.7346229599557,1244.7397037998307,1244.7803926600377,1244.7856105000246,1245.7204601599137,s,0,1244.7856105000246,1245.7204601599137,1245.7282626999076,1247.008004059992,0.9204213998746127,920.4213998746127,EMOCONPILOT014,2021_Jan_13_1630,EmoCon_Pilot_120Hz,2020.2.4,119.98061120907352,
,,,,2,0,2,0,110,0,110,0,,,,,,,,,,,,,,,,,,,,,,,,,,,,,,,,,,,,,,,,,,,,,110,2.0,m,008_y_m_n_a.jpg,neutral,s,17,3,1247.013500599889,1247.308012659871,1247.5411975998431,1247.6966468598462,1247.7014150000177,1247.7413034599508,1247.746332099894,1249.2068720599405,s,1,1247.746332099894,1249.2068720599405,1249.2181408999022,1250.4747840598925,1.4482296998612583,1448.2296998612583,EMOCONPILOT014,2021_Jan_13_1630,EmoCon_Pilot_120Hz,2020.2.4,119.98061120907352,
,,,,2,0,2,0,111,0,111,0,,,,,,,,,,,,,,,,,,,,,,,,,,,,,,,,,,,,,,,,,,,,,111,1.0,m,004_o_m_h_a.jpg,happy,d,1,3,1250.4802152998745,1250.7747092598352,1250.9732371000573,1250.9815932600527,1250.9824607998598,1251.0175821599319,1251.0173895999324,1252.6835098599317,None,0,1251.0173895999324,1252.6835098599317,1252.6893833000213,1253.766421159939,,,EMOCONPILOT014,2021_Jan_13_1630,EmoCon_Pilot_120Hz,2020.2.4,119.98061120907352,
,,,,2,0,2,0,112,0,112,0,,,,,,,,,,,,,,,,,,,,,,,,,,,,,,,,,,,,,,,,,,,,,112,2.0,m,008_y_m_h_a.jpg,happy,d,17,3,1253.7704308999237,1254.066432359838,1254.0913378999103,1254.2265615600395,1254.2302153999917,1254.269048660039,1254.272472199984,1255.2040572599276,d,1,1254.272472199984,1255.2040572599276,1255.2170024998486,1257.149824860017,0.9214969000313431,921.4969000313431,EMOCONPILOT014,2021_Jan_13_1630,EmoCon_Pilot_120Hz,2020.2.4,119.98061120907352,
,,,,2,0,2,0,113,0,113,0,,,,,,,,,,,,,,,,,,,,,,,,,,,,,,,,,,,,,,,,,,,,,113,1.0,m,004_o_m_s_a.jpg,sad,a,17,3,1257.150266799843,1257.4499667598634,1257.4712832998484,1257.6015310599237,1257.605950199999,1257.643562359945,1257.6480405000038,1259.3272335598945,None,0,1257.6480405000038,1259.3272335598945,1259.3313600998372,1260.7916272599018,,,EMOCONPILOT014,2021_Jan_13_1630,EmoCon_Pilot_120Hz,2020.2.4,119.98061120907352,
,,,,2,0,2,0,114,0,114,0,,,,,,,,,,,,,,,,,,,,,,,,,,,,,,,,,,,,,,,,,,,,,114,7.0,f,012_o_f_n_a.jpg,neutral,s,1,3,1260.7967677998822,1261.0915472600377,1261.3070902000181,1261.3154463600135,1261.3160178000107,1261.356873859861,1261.3619206000585,1263.1402930598474,None,0,1261.3619206000585,1263.1402930598474,1263.143229899928,1264.6750911599725,,,EMOCONPILOT014,2021_Jan_13_1630,EmoCon_Pilot_120Hz,2020.2.4,119.98061120907352,
,,,,2,0,2,0,115,0,115,0,,,,,,,,,,,,,,,,,,,,,,,,,,,,,,,,,,,,,,,,,,,,,115,10.0,f,028_y_f_s_a.jpg,sad,a,1,3,1264.6790398999583,1264.974995659874,1264.9959231999237,1265.004279359919,1265.0046786998864,1265.0405134600355,1265.0409639000427,1266.6320981599624,None,0,1265.0409639000427,1266.6320981599624,1266.6357716999482,1268.6167991598836,,,EMOCONPILOT014,2021_Jan_13_1630,EmoCon_Pilot_120Hz,2020.2.4,119.98061120907352,
,,,,2,0,2,0,116,0,116,0,,,,,,,,,,,,,,,,,,,,,,,,,,,,,,,,,,,,,,,,,,,,,116,5.0,m,027_o_m_s_a.jpg,sad,a,1,3,1268.6229202998802,1268.9168577599107,1268.9407482000533,1268.9491043600488,1268.949489099905,1268.9851045598975,1268.9866434999276,1270.5696799598868,None,0,1268.9866434999276,1270.5696799598868,1270.5746815998573,1272.5252961599967,,,EMOCONPILOT014,2021_Jan_13_1630,EmoCon_Pilot_120Hz,2020.2.4,119.98061120907352,
,,,,2,0,2,0,117,0,117,0,,,,,,,,,,,,,,,,,,,,,,,,,,,,,,,,,,,,,,,,,,,,,117,6.0,m,033_o_m_s_a.jpg,sad,a,17,3,1272.5312772998586,1272.8252624599031,1272.8496927998494,1272.9851136598504,1272.9880224999506,1273.0264581599972,1273.029802300036,1273.767310059839,s,0,1273.029802300036,1273.767310059839,1273.7765498999506,1274.8085356598954,0.7242379998788238,724.2379998788238,EMOCONPILOT014,2021_Jan_13_1630,EmoCon_Pilot_120Hz,2020.2.4,119.98061120907352,
,,,,2,0,2,0,118,0,118,0,,,,,,,,,,,,,,,,,,,,,,,,,,,,,,,,,,,,,,,,,,,,,118,6.0,m,033_o_m_n_a.jpg,neutral,s,17,3,1274.81255459995,1275.1086403599243,1275.3152629998513,1275.473159459862,1275.4778938998934,1275.5189813598759,1275.5239094998688,1276.0019964598819,s,1,1275.5239094998688,1276.0019964598819,1276.008584999945,1277.9420058598976,0.47038200008682907,470.38200008682907,EMOCONPILOT014,2021_Jan_13_1630,EmoCon_Pilot_120Hz,2020.2.4,119.98061120907352,
,,,,2,0,2,0,119,0,119,0,,,,,,,,,,,,,,,,,,,,,,,,,,,,,,,,,,,,,,,,,,,,,119,8.0,f,019_m_f_h_a.jpg,happy,d,17,3,1277.9473498999141,1278.2420692599612,1278.2665607000235,1278.401951960032,1278.4062600999605,1278.4467618600233,1278.4519603999797,1278.9385733599543,d,1,1278.4519603999797,1278.9385733599543,1278.9500559000298,1280.0503500599648,0.4781474000774324,478.1474000774324,EMOCONPILOT014,2021_Jan_13_1630,EmoCon_Pilot_120Hz,2020.2.4,119.98061120907352,
